VOC_Date	Ep01	Ep02	Ep03	Ep04	Ep05	Ep06	Ep07	Ep08	Ep09	Ep10	Ep11	Ep12
Alpha_44150	0	0	0	0	0	0	0	0	0	0	0	0
Alpha_44157	0.000286837	0.000286837	0.00022761	0.00022761	0	0	0.000906335	0.000737728	0.000316219	0	0	0
Alpha_44164	0.000525429	0.000525429	0.000722985	0.001208274	0.000485289	0	0.000499487	0.00033088	0.000716074	0	0	0.000483561
Alpha_44171	0	0	0.000231421	0.00071671	0.000485289	0	0	0.000353066	0.000734174	0	0	0.000483561
Alpha_44178	0.000210262	0.000210262	0.000449583	0.000449583	0	0	0.000439638	0.00106942	0.000728982	0	0	0.000259989
Alpha_44185	0.00051513	0.00051513	0.001983476	0.00223037	0	0.000361261	0.001075266	0.000900957	0.000622749	0.000117942	0.000172431	0.000259989
Alpha_44192	0.000768659	0.000547257	0.001321076	0.001414055	0.000142526	0.000573838	0.000923253	0.000660878	0.000554025	0.000113638	0.000417366	0.000384048
Alpha_44199	0.000739376	0.000525841	0.002301599	0.002098596	0.000409263	0.000476883	0.00062645	0.0006284	0.000642484	0.000387507	0.000717872	0.000508486
Alpha_44206	0.000800909	0.000446221	0.00170541	0.001362845	0.000171865	0.00028012	0.000963255	0.000881863	0.00046491	0.000211457	0.000464379	0.000552716
Alpha_44213	0.000765114	0.000558289	0.001641042	0.001420437	9.58E-05	0.000210601	0.001012737	0.001036689	0.000267773	0.000417412	0.000484868	0.000393617
Alpha_44220	0.000929109	0.000755206	0.001088708	0.001124589	0.000369364	0.000361959	0.000908854	0.000868774	0.000326975	0.000517712	0.000768376	0.000369801
Alpha_44227	0.000734895	0.000528728	0.000863789	0.000990471	0.000309932	0.000482812	0.000826718	0.000681496	0.000497947	0.000546689	0.000800204	0.000364812
Alpha_44234	0.000451803	0.000328419	0.001696659	0.001613279	0.000305275	0.000337893	0.000849032	0.000850068	0.000481155	0.000151663	0.000413409	0.000551557
Alpha_44241	0.000796777	0.000658027	0.001211491	0.001029693	0.000268624	0.000301903	0.000853588	0.000834155	0.000565489	0.000117166	0.000436678	0.0003359
Alpha_44248	0.000543372	0.00048166	0.001116479	0.000932108	0.000273455	0.000350647	0.000898143	0.000917652	0.000184807	0.000276179	0.00047775	0.000322645
Alpha_44255	0.000575849	0.000318771	0.001158502	0.000928597	0.000242645	0.000376631	0.001010839	0.00097963	0.000205343	0.000293802	0.00063125	0.000347909
Alpha_44262	0.000847818	0.000642067	0.001042111	0.000906906	0.00031925	0.000403784	0.00102502	0.00094153	0.000298928	0.000312817	0.000617981	0.00051078
Alpha_44269	0.000922727	0.000785648	0.001392686	0.00124232	0.000210301	0.000310708	0.001065614	0.000966653	0.000141012	0.000240369	0.000446414	0.000414714
Alpha_44276	0.000747509	0.000711665	0.001276814	0.001084191	0.000193803	0.000272275	0.001163632	0.001047227	0.000156726	0.000199016	0.000309883	0.000347821
Alpha_44283	0.000821203	0.000797542	0.001146365	0.000821089	0.000193834	0.000361691	0.000631752	0.00049487	0.000151688	0.000298697	0.000573861	0.000324998
Alpha_44290	0.000661695	0.000630242	0.001390544	0.001101989	0.000138664	0.00021469	0.000789422	0.000719797	0.000215227	0.000261021	0.000492115	0.000236287
Alpha_44297	0.000588198	0.000491472	0.001388282	0.001240373	0.000226955	0.000449477	0.001243082	0.001110264	0.000209427	0.000235939	0.000456988	0.000260637
Alpha_44304	0.000868043	0.000697504	0.001139715	0.001030147	0.000174265	0.000347374	0.000998083	0.000863841	0.000176343	0.000200472	0.000384349	0.000379079
Alpha_44311	0.000494459	0.000408688	0.00164902	0.001225099	0.00017051	0.000338431	0.001074794	0.000931656	0.00016318	0.000175679	0.000467388	0.000326269
Alpha_44318	0.000954177	0.000842576	0.001631047	0.00127323	0.000244396	0.000539214	0.001457219	0.001182953	0.00028936	0.000180137	0.000266134	0.00025179
Alpha_44325	0.000731118	0.000589332	0.001467042	0.001340006	0.000287745	0.000595956	0.001040387	0.000914348	0.000256189	0.000186527	0.000357272	0.000388847
Alpha_44332	0.00109881	0.000989747	0.001607477	0.001685092	0.00043307	0.001537475	0.001578111	0.001185144	0.000287219	0.000120874	0.000295329	0.00045488
Alpha_44339	0.001183033	0.001036142	0.002652377	0.002636836	0.00040261	0.000973319	0.001951528	0.001778237	0.000235867	7.77E-05	0.000453756	0.000493707
Alpha_44346	0.000902253	0.000804491	0.003125914	0.00292823	0.000445085	0.000845173	0.00183932	0.00159686	0.000377195	0.00017001	0.000457495	0.000549975
Alpha_44353	0.000837243	0.000675068	0.002051114	0.001966097	0.000489008	0.001507849	0.001092519	0.00103027	0.000374669	0.00015856	0.000503897	0.000693733
Alpha_44360	0.001199254	0.001046896	0.002719521	0.00237561	0.000446742	0.001175982	0.001797997	0.001835677	0.000249905	0.000134052	0.00039966	0.000422312
Alpha_44367	0.001797241	0.00144768	0.003402782	0.003363763	0.000482904	0.000914265	0.002266789	0.001981025	0.000132179	0.000415692	0.000776586	0.000700573
Alpha_44374	0.002871539	0.00224066	0.003825549	0.003285295	0.000661438	0.000815954	0.0032766	0.003006124	0.000235527	0.000436955	0.000597219	0.001053693
Alpha_44381	0.002133709	0.001701243	0.004428222	0.003908131	0.00054226	0.001141379	0.003366579	0.002975406	0.000228944	0.000520539	0.000611125	0.000938412
Alpha_44388	0.000931027	0.000650507	0.001876922	0.001860768	0.000680457	0.002562895	0.001927434	0.001403685	0.000490851	0.000575932	0.000797773	0.000897776
Alpha_44395	0.004181665	0.003266309	0.005713106	0.005257625	0.000707292	0.000718496	0.004420933	0.004230877	0.000738074	0.000546659	0.000695922	0.001017749
Alpha_44402	0.001726695	0.000971937	0.0042669	0.004297699	0.000365562	0.00078819	0.002948938	0.002589592	0.000233633	0.000340144	0.000758538	0.001188822
Alpha_44409	0.003181387	0.003009477	0.008310817	0.00827619	0.000404217	0.000597774	0.006331699	0.005895506	0.000530181	0.000462314	0.000597837	0.001130474
Alpha_44416	0.002887765	0.001803948	0.003305862	0.003099078	0.000592091	0.000640868	0.002937277	0.002376132	0.000195572	0.000437403	0.000844341	0.002354297
Alpha_44423	0.003805575	0.002090756	0.004702038	0.00416068	0.000425867	0	0.004119737	0.003992273	0.000243435	0.00030583	0.000712768	0.002904659
Alpha_44430	0.005878703	0.005550047	0.007134391	0.006934222	0.000403729	0.000307407	0.006261089	0.006261089	0.000421596	0.000163427	0.000513883	0.000423954
BA.1_44528	0	0	0	0	0	0	0	0	0	0	0	0
BA.1_44535	0.0070687	0.029774239	0.005790825	0.022790913	0.012827916	0.01454625	0.034043232	0.024080808	0.004038374	0	0	0.009070009
BA.1_44542	0.002645659	0.013894981	0.001512674	0.00808916	0.002350693	0.002012119	0.007992039	0.022491465	0.019192195	0.000392873	0	0.004648579
BA.1_44549	0.0078325	0.029541772	0.007472511	0.014887048	0.007220175	0.007580169	0.020386932	0.040307195	0.035004845	0.000412272	1.14E-05	0.01300139
BA.1_44556	0.00589781	0.008453443	0.006759973	0.017123331	0.003780633	0.002207847	0.011453431	0.02639393	0.018459105	0.000242042	8.88E-05	0.006140708
BA.1_44563	0.006504186	0.016242131	0.007932086	0.014077358	0.004302377	0.006473692	0.018003569	0.017357923	0.015021363	0.00026521	7.88E-05	0.005927989
BA.1_44570	0.008954696	0.020433065	0.005673897	0.013633105	0.006450876	0.007247166	0.018818405	0.01998669	0.015683125	0.000175909	4.43E-05	0.012134481
BA.1_44577	0.003366173	0.017880906	0.005783727	0.009042628	0.011820957	0.016469873	0.032451642	0.012862484	0.002655312	0.000139046	7.09E-05	0.005152786
BA.1_44584	0.000588672	0.008343804	0.001022634	0.002074408	0.00665856	0.006973576	0.014404381	0.019483735	0.012605362	0.000114558	4.86E-05	0.001082287
BA.1_44591	0.00107486	0.007563209	0.000423498	0.00104533	0.005153269	0.00620203	0.012091424	0.015913564	0.010951093	9.76E-05	4.56E-05	0.001197983
BA.1_44598	0.000373209	0.004904313	0.00117615	0.001946117	0.007056477	0.007748191	0.015715584	0.014534048	0.007598389	0.000102451	4.96E-05	0.000561385
BA.1_44605	0.000308844	0.001124198	0.000388113	0.000742206	0.002295034	0.003162088	0.004857865	0.013772172	0.012316602	7.15E-05	3.60E-05	0.001030012
BA.1_44612	0.00023984	0.002567663	0.000320939	0.000538781	0.001574515	0.001004074	0.002452057	0.012181514	0.01097015	0.000127846	6.34E-05	0.001270604
BA.1_44619	0.000581498	0.005726397	0.000697958	0.000770262	0.001422953	0.002928609	0.00340256	0.010246838	0.009818974	0.000126348	0.000122734	0.001746836
BA.1_44626	0.00061533	0.009801833	0.000324547	0.000964417	0.001588356	0.001176264	0.003050059	0.011415088	0.010001204	0.00017796	0.000112224	0.001229687
BA.1_44633	0.000386349	0.00251022	0.000354206	0.000466827	0.003306069	0.003572382	0.005810383	0.007729905	0.005670443	0.000170448	6.05E-05	0.001670564
BA.1_44640	0.001039703	0.002186501	0.000522323	0.001776669	0.001624643	0.001661898	0.003008155	0.00738868	0.006739928	0.000260879	0.000115883	0.001457882
BA.1_44647	0.001051406	0.00397591	0.001535663	0.002357203	0.001027607	0.001684566	0.003464997	0.00922346	0.008634371	0.000267113	0.000157714	0.000768305
BA.1_44654	0.001616947	0.002031759	0.002027199	0.00242657	0.002260374	0.001699689	0.003628858	0.004718361	0.003157269	0.000359613	0.000252442	0.001221578
BA.1_44661	0.001811896	0.006795839	0.001256445	0.002844899	0.00109708	0.001068197	0.002581609	0.01064548	0.00976998	0.000393848	0.000281744	0.000715892
BA.1_44668	0.001305466	0.003630292	0.000918788	0.002647237	0.003109388	0.002323579	0.00502867	0.004325533	0.002519552	0.000781773	0.000383037	0.001657558
BA.1_44675	0.001848408	0.005535374	0.001752304	0.004308926	0.005016569	0.002315365	0.007083826	0.009954321	0.005187765	0.000592779	0.000630869	0.002960402
BA.1_44682	0.00821847	0.012810461	0.002269301	0.009519366	0.004085711	0.003614948	0.00924399	0.010815966	0.006862299	0.000741661	0.001672386	0.003019989
BA.1_44689	0.008442666	0.01415675	0.009476265	0.008776919	0.009414854	0.013922278	0.024014263	0.016426669	0.008528515	0.000769915	0.001085313	0.005167008
BA.1_44696	0.007717549	0.012301334	0.00658801	0.00917504	0.005835419	0.009907669	0.018410172	0.067930362	0.063370773	0.000985856	0.001389194	0.003472847
BA.2_44549	0	0	0	0	0	0	0	0	0	0	0	0
BA.2_44556	0.006290687	0.037638002	0.003570214	0.008708509	0.028481119	0.007030297	0.061245934	0.05302899	0.026847337	0	0	0.035746237
BA.2_44563	0.004331864	0.054147339	0.002610994	0.006868052	0.052143645	0.029560243	0.126141177	0.098490511	0.048753451	0	0	0.055164986
BA.2_44570	0.006944799	0.026165361	0.00630629	0.013649304	0.017896728	0.017422389	0.054516121	0.035357199	0.016620049	3.49E-05	4.87E-05	0.021748298
BA.2_44577	0.003862043	0.015894861	0.005135933	0.00905163	0.01290903	0.039954526	0.059260638	0.020270159	0.009034505	0.000111429	4.87E-05	0.016078161
BA.2_44584	0.004325307	0.011530283	0.004693989	0.007528062	0.009146401	0.014330079	0.026203151	0.008720634	0.004022232	0.000187041	0	0.012932138
BA.2_44591	0.001972591	0.00640889	0.000661283	0.002491706	0.003437175	0.006122939	0.009783839	0.003735504	0.001710918	0.000138804	3.20E-05	0.003876029
BA.2_44598	0.004413329	0.009465439	0.003553972	0.006482335	0.003778762	0.003667591	0.010272211	0.003145638	0.001501669	0.000156806	3.16E-05	0.007380691
BA.2_44605	0.007592688	0.011440164	0.007144424	0.012067151	0.004565779	0.005090198	0.012738082	0.000843179	0.000393055	0.000129938	1.74E-05	0.011401005
BA.2_44612	0.010118561	0.016373707	0.008887498	0.015001114	0.006474965	0.007735324	0.017892084	0.001627919	0.000981038	0.000109474	2.65E-05	0.01592402
BA.2_44619	0.000723207	0.004775081	0.001163992	0.001984095	0.000786081	0.000783465	0.002206983	0.001056632	0.000569808	0.000152476	3.07E-05	0.001130498
BA.2_44626	0.000932754	0.00473912	0.000581554	0.001482545	0.000876336	0.005664854	0.007102887	0.000989463	0.000332418	0.000162391	6.86E-06	0.001487289
BA.2_44633	0.00092927	0.002978212	0.000576109	0.001249123	0.000621384	0.000796925	0.001633908	0.000789803	0.000348552	0.00025305	1.71E-05	0.001521304
BA.2_44640	0.000499864	0.001333994	0.000353638	0.001428757	0.000460585	0.000457358	0.001049478	0.001263298	0.000281571	9.68E-05	1.44E-05	0.000469757
BA.2_44647	9.54E-05	0.002737798	0.000212095	0.001713216	0.000290942	0.000779139	0.00098279	0.001785318	0.000287723	0.000105179	1.49E-05	0.000308966
BA.2_44654	0.000337223	0.0021302	0.000182469	0.004066146	0.000267791	0.000706298	0.00095263	0.003995188	0.000288089	0.000122009	1.05E-05	0.000275884
BA.2_44661	0.000602043	0.002867404	0.000358704	0.008754236	0.000473293	0.004428263	0.005024992	0.008410202	0.000379324	0.000278863	2.60E-05	0.001033307
BA.2_44668	0.000441286	0.002424637	0.000406926	0.008516103	0.000302645	0.000268224	0.000549864	0.008549127	0.00070588	0.000287267	4.15E-05	0.000448685
BA.2_44675	0.000529646	0.001667264	0.000584791	0.008076566	0.00060985	0.002942561	0.003881784	0.007209331	0.000391666	0.000210577	6.73E-05	0.000468447
BA.2_44682	0.000588914	0.00217742	0.000444317	0.019682105	0.000570847	0.004104579	0.004869783	0.019253467	0.000474669	0.000163964	5.00E-05	0.000438653
BA.2_44689	0.000484288	0.001600156	0.000299742	0.019730508	0.000490431	0.001726138	0.00227955	0.019830888	0.000560752	0.000108839	4.38E-05	0.001201555
BA.2_44696	0.00040953	0.002491293	0.000293238	0.018014953	0.000771577	0.000949171	0.001429131	0.018062939	0.000482835	0.000147239	4.54E-05	0.001071401
BA.2_44703	0.000602162	0.003408895	0.000204932	0.022388209	0.000390855	0.003677986	0.004111461	0.02222298	0.000316825	0.000228959	2.94E-05	0.001773433
BA.2_44710	0.000252264	0.002475752	0.0002942	0.022106942	0.000821721	0.002209607	0.002714842	0.022155063	0.000361756	0.000165391	2.74E-05	0.000899652
BA.2_44717	0.000268222	0.005542496	0.000573226	0.012701465	0.000830343	0.005539193	0.006188821	0.013022667	0.000792512	0.000219991	2.68E-05	0.001690587
BA.2_44724	0.000361739	0.003323747	0.000372304	0.013336695	0.000736813	0.00341708	0.003952723	0.01417754	0.001109943	0.000177245	3.95E-05	0.000894873
BA.2_44731	0.002215688	0.008893062	0.001393381	0.007617659	0.006618085	0.001104878	0.007055036	0.01317309	0.002827171	0.000310896	2.75E-05	0.001469363
BA.2_44738	0.001896756	0.007760805	0.002029662	0.008738054	0.002432877	0.001355009	0.002792359	0.010592786	0.003723089	0.00015995	2.98E-05	0.001008753
BA.2_44745	0.001159583	0.005074514	0.000884026	0.005904529	0.001153055	0.001052322	0.001969456	0.007613735	0.002923867	0.000482325	2.55E-05	0.001704121
BA.2_44752	0.001378074	0.00844657	0.000704936	0.013765617	0.003725191	0.001524382	0.00526551	0.016752722	0.001743965	0.000729288	3.51E-05	0.002256388
BA.2_44759	0.005482101	0.011084576	0.002083922	0.014662316	0.002915421	0.00310816	0.005941509	0.014890729	0.003673348	0.000544253	5.25E-05	0.002368775
BA.2_44766	0.014904555	0.011312237	0.001045981	0.012217784	0.007816595	0.002759105	0.008946835	0.015311406	0.005662282	0.000841814	9.75E-05	0.002460093
BA.2_44773	0.034029755	0.027614769	0.005816423	0.036868915	0.01762114	0.00661133	0.025439662	0.03207688	0.007695116	0.001212777	4.03E-05	0.008450843
BA.2_44780	0.035773751	0.026924519	0.007895107	0.03669171	0.020020294	0.006105916	0.02456577	0.031872407	0.007347715	0.000912318	0	0.003417448
BA.2_44787	0.085729804	0.061784766	0.018536508	0.096164907	0.040417228	0.008748084	0.046386099	0.095516349	0.031221385	0.00111852	0.000357426	0.003194109
BA.2_44794	0.095180134	0.063885752	0.01494513	0.112505074	0.044993897	0.007800256	0.051196882	0.112351443	0.041889141	0.001395117	0.000605847	0.003371146
BA.2_44801	0.10993822	0.076293466	0.042121347	0.136958071	0.056003963	0.013597008	0.062719487	0.124569875	0.052713591	0.000904582	0.00054415	0.006369697
BA.2_44808	0.069851058	0.051338724	0.026149259	0.089694587	0.040578818	0.013724085	0.048913415	0.097179847	0.043750375	0.000684424	0.000295729	0.004639904
BA.2_44815	0.069758231	0.057917494	0.038890315	0.167212057	0.034342171	0.037448723	0.088389192	0.116289539	0.044099453	0.000985875	0	0.016164604
BA.2_44822	0.088536654	0.070387164	0.027023958	0.10969765	0.043069634	0.021527448	0.062847042	0.100528819	0.046488182	0.000242747	0.000247699	0.022098556
BA.2_44829	0.02023324	0.015807508	0.022821604	0.075614548	0.022386724	0.018141544	0.048738148	0.087915085	0.053059802	0.000416941	0.000454947	0.002912381
BA.2_44836	0.019625961	0.022476179	0.026721634	0.09916854	0.027191412	0.018804074	0.057261652	0.075369828	0.019735101	0.000605114	0.000931253	0.004826739
BA.2_44843	0.00856568	0.010202438	0.020126279	0.062552095	0.016907297	0.014638108	0.040958619	0.044865331	0.018495734	0.001294308	0.001216495	0.001711153
BA.2_44850	0.008978511	0.010864832	0.018792069	0.051158043	0.011349061	0.010240032	0.027456669	0.050112954	0.038020605	0.000734099	0.001111748	0.002704942
BA.2_44857	0.004819039	0.007828669	0.026284255	0.082569649	0.031248835	0.021746324	0.058931094	0.083140305	0.055754257	0.000281504	9.16E-06	0.003405059
BA.2_44864	0.006257098	0.008480701	0.015264929	0.056747893	0.015539038	0.011925558	0.032869529	0.070433635	0.045736147	0.000660721	0.000289637	0.002370631
BA.2_44871	0.006687262	0.006222564	0.012139969	0.056846286	0.024084626	0.019287803	0.041930839	0.066380969	0.039622348	0.000379833	0.000146244	0.003271675
BA.2_44878	0.003905228	0.003181924	0.021892997	0.053952873	0.010449083	0.009921812	0.024310908	0.046521762	0.031529897	0.000784537	0	0.001448026
BA.2_44885	0.001951234	0.001967895	0.015659394	0.054421791	0.025916669	0.01643877	0.043473106	0.072505804	0.036282599	0.00168548	0.000175197	0.001605241
BA.2_44892	0.005987891	0.003578366	0.014166552	0.07328295	0.041162243	0.033475722	0.032758369	0.099968953	0.02042112	0.000842897	0.000175197	0.000958797
BA.2_44899	0.00308353	0.003329475	0.011495485	0.039728258	0.019687986	0.016134966	0.020143622	0.054873639	0.017750005	0.00046043	0.000119517	0.00196752
BA.2_44906	0.001764576	0.004012873	0.011461219	0.037516221	0.019241821	0.019883181	0.013316172	0.043929891	0.012613587	0.000546604	0.00017524	0.001636721
BA.2_44913	0.001999729	0.00353793	0.025495363	0.08571768	0.040074934	0.033962631	0.035405244	0.10049619	0.033307501	0.000729862	0.000170642	0.001182262
BA.2_44920	0.00291053	0.002972076	0.013065493	0.019478872	0.010224899	0.009444743	0.00652318	0.018183173	0.006316956	0.000736025	0.000114919	0.002108163
BA.2_44927	0.002984974	0.002709855	0.01776817	0.042024395	0.022382032	0.019934185	0.01803198	0.044923964	0.009288509	0.000727686	0.000223597	0.001972588
BA.2_44934	0.002454679	0.005417816	0.022325314	0.072907092	0.028279464	0.025833623	0.027699688	0.080266006	0.037870978	0.000730651	0.000106602	0.001855412
BA.2_44941	0.002029191	0.004106669	0.017454776	0.03605337	0.012302823	0.011283288	0.014913063	0.030353319	0.014485814	0.00043066	3.62E-05	0.002794857
BA.2_44948	0.002070725	0.002518975	0.012450027	0.030403527	0.015908733	0.012703698	0.015276728	0.029026761	0.007748719	0.000888707	3.90E-05	0.001993636
BA.2_44955	0.003866984	0.004685554	0.014479343	0.037446944	0.016957197	0.017271802	0.014925732	0.036571283	0.01330502	0.000816679	0.000369392	0.003617726
BA.2_44962	0.001950661	0.003512814	0.021247961	0.053561274	0.021507456	0.0214109	0.017043153	0.056047472	0.031343941	0.000822688	0.000533254	0.000928824
BA.2_44969	0.002026331	0.003963795	0.015930006	0.039116535	0.021105836	0.018139911	0.016683397	0.036783463	0.008054728	0.000703905	0.000356046	0.001257089
BA.2_44976	0.002423084	0.005080899	0.007184515	0.024096898	0.009227092	0.008483252	0.015273997	0.021326983	0.009329899	0.000799298	0.00016608	0.001991471
BA.2_44983	0.003142627	0.004521165	0.019577576	0.045207901	0.015731798	0.014711515	0.018777274	0.039543174	0.018481915	0.000384971	0.00072649	0.004458181
BA.2_44990	0.002702778	0.005091434	0.009305994	0.026779344	0.005959117	0.005806387	0.011918799	0.02112783	0.008552497	0.000213107	0.00056041	0.001218372
BA.2_44997	0.004565344	0.005486944	0.054374953	0.162827345	0.053371435	0.053182575	0.047653648	0.165130254	0.090009574	0.001292484	0	0.001911422
BA.2_45004	0.002676357	0.006757293	0.041117166	0.115357065	0.040251775	0.038401391	0.036189791	0.112463344	0.059725906	0.001374793	0.00036561	0.001712237
BA.2_45011	0.001921642	0.003772891	0.025623864	0.077264799	0.025701414	0.025040466	0.030644149	0.076143977	0.040433336	0.000963397	0.00036561	0.000808032
BA.2_45018	0.001000273	0.003500158	0.036284042	0.091275784	0.037559477	0.037336376	0.03112724	0.088645362	0.043162806	0.000524089	0.00022012	0.00025016
BA.2_45025	0.005500924	0.005404188	0.02578444	0.053882355	0.027306851	0.023171528	0.020439821	0.051808588	0.009664287	0.000591792	0.000444573	0.001425319
BA.2_45032	0.005988262	0.00508827	0.03503099	0.07812015	0.026308015	0.026039458	0.027304773	0.065077534	0.037258418	0.000933343	0.000538448	0.002182055
BA.2_45039	0.010367062	0.007406007	0.018061953	0.048114615	0.016968191	0.015556073	0.022985366	0.046508958	0.009867941	8.13E-05	5.67E-05	0.003445271
BA.2_45046	0.008819624	0.00616674	0.054397519	0.141949766	0.054435588	0.051425789	0.047488751	0.145626792	0.055137226	0.002386366	0.000370688	0.002915413
BA.4/5_44668	0	0	0	0	0	0	0	0	0	0	0	0
BA.4/5_44675	0.003797339	0.007080924	0.001197003	0.00710196	0.002407631	0.007420685	0.010896737	0.001368634	0.000673967	0	0	0.004171114
BA.4/5_44682	0.001147561	0.004417898	0.002410753	0.003880196	0.000907446	0.001521296	0.002832218	0.003905384	0.003056581	0	0	0.003782983
BA.4/5_44689	0.001981539	0.003386209	0.003510177	0.005026488	0.001626424	0.003816932	0.004461441	0.002723792	0.001658414	0	0	0.002739046
BA.4/5_44696	0.002163276	0.003668469	0.003657342	0.006910334	0.001342483	0.003916342	0.005692163	0.005917964	0.002768903	0	0	0.001434196
BA.4/5_44703	0.002362152	0.005112936	0.002604821	0.004463679	0.001077971	0.003097008	0.004517824	0.003475449	0.002177522	0.00015523	0.000101811	0.001554624
BA.4/5_44710	0.000895458	0.002714808	0.001768946	0.003116142	0.001409215	0.003506089	0.003969498	0.002878813	0.001522018	0.000156039	0.000101811	0.002028922
BA.4/5_44717	0.000554727	0.001621193	0.00084247	0.002041593	0.002073328	0.006964589	0.008601653	0.002035993	0.00028879	0.000217138	7.94E-05	0.001715929
BA.4/5_44724	0.00048372	0.002139321	0.000671078	0.001916886	0.001888682	0.00780702	0.009290982	0.002819652	0.001331368	0.000179925	7.97E-05	0.001286054
BA.4/5_44731	0.000386801	0.004314127	0.000454567	0.001106279	0.013643192	0.003517364	0.016217924	0.01398444	0.000527751	0.000163778	2.57E-05	0.000778408
BA.4/5_44738	0.000822186	0.001775155	0.000478668	0.001410338	0.005767962	0.002448215	0.007941033	0.006850415	0.000867415	0.000155686	3.51E-05	0.001719405
BA.4/5_44745	0.000759204	0.003370459	0.000821053	0.002464873	0.001959564	0.004290758	0.005380969	0.005590651	0.002860818	0.000144266	4.92E-05	0.001766542
BA.4/5_44752	0.000440019	0.002713917	0.000507856	0.001621394	0.007186095	0.001259422	0.007878863	0.008915899	0.001108148	0.000162734	5.05E-05	0.001098912
BA.4/5_44759	0.000262185	0.001249207	0.000683657	0.000764345	0.001116717	0.001798347	0.001674375	0.002769191	0.002182794	0.000230788	4.04E-05	0.000682074
BA.4/5_44766	0.000260065	0.000715634	0.001205958	0.002345666	0.001091314	0.002582155	0.002967552	0.003545066	0.00198568	0.000273752	4.25E-05	0.00071101
BA.4/5_44773	0.000371267	0.0007513	0.000517156	0.001046802	0.000713675	0.003210698	0.003383706	0.003850512	0.002936512	0.000206937	4.73E-05	0.000510958
BA.4/5_44780	0.000170534	0.003042427	0.000930581	0.001775607	0.001413986	0.004100041	0.003682472	0.005778402	0.003819877	0.000191982	7.25E-05	0.000572986
BA.4/5_44787	0.000158633	0.003434819	0.000722236	0.001535614	0.001080926	0.002999152	0.003072781	0.005382376	0.003596784	0.000239357	5.37E-05	0.000308382
BA.4/5_44794	0.000322841	0.000705147	0.001005635	0.001722605	0.001104503	0.002946549	0.003280414	0.004281536	0.003159062	0.000199055	4.22E-05	0.000509635
BA.4/5_44801	0.000377884	0.001076541	0.000572576	0.001562014	0.000855165	0.000676371	0.001301712	0.005981348	0.004443812	0.000211256	4.47E-05	0.001205901
BA.4/5_44808	0.000589977	0.002543095	0.001081209	0.002060814	0.001495219	0.002249514	0.002221018	0.008255224	0.006122621	0.000162524	5.00E-05	0.001216549
BA.4/5_44815	0.000654414	0.001026629	0.001505208	0.002058051	0.002342813	0.003851567	0.003666961	0.00996285	0.00765722	0.000183627	8.88E-05	0.001037823
BA.4/5_44822	0.00082883	0.001807352	0.002064365	0.002499103	0.002562327	0.004500541	0.005511972	0.012361643	0.010222784	0.000283721	8.39E-05	0.001681619
BA.4/5_44829	0.00062915	0.002128161	0.000764075	0.001729077	0.001847373	0.00334842	0.003824006	0.009170189	0.007074956	0.000220652	3.82E-05	0.00110738
BA.4/5_44836	0.000924868	0.001427843	0.000832342	0.001607153	0.001687833	0.002905149	0.002662202	0.012468037	0.010477065	0.000305559	2.88E-05	0.00037088
BA.4/5_44843	0.00124706	0.00114873	0.000772944	0.001794977	0.003408317	0.004929024	0.003699183	0.017137023	0.01340452	0.000382408	0.000157546	0.000382661
BA.4/5_44850	0.00144339	0.002864902	0.000847494	0.002042677	0.001265624	0.003557765	0.003649566	0.01493077	0.012277022	0.000373612	0.000117712	0.000703221
BA.4/5_44857	0.002557283	0.002278249	0.002700721	0.003782201	0.004720406	0.006016675	0.004502615	0.010668694	0.006247353	0.000340535	0.000211071	0.002196904
BA.4/5_44864	0.005597066	0.001131233	0.001483357	0.002206901	0.00614767	0.006420553	0.003031764	0.018749007	0.012306804	0.000333996	0.000114804	0.001176862
BA.4/5_44871	0.001741376	0.001762387	0.002204765	0.002829109	0.005065433	0.00672758	0.006689965	0.013726673	0.010481602	0.000273624	0.000103127	0.001752401
BA.4/5_44878	0.009944818	0.001131131	0.001612944	0.002001121	0.012108873	0.012747578	0.003753517	0.01444964	0.00302172	0.000226346	0.00028168	0.001304889
BA.4/5_44885	0.001619018	0.001063096	0.001589569	0.002184496	0.004199017	0.003971068	0.003572368	0.010457959	0.006460726	0.000304342	0.000124628	0.00072303
BA.4/5_44892	0.002290714	0.000987947	0.000996133	0.001731535	0.007905065	0.008099901	0.002463592	0.016061444	0.008001244	0.000305407	0.000132448	0.000721103
BA.4/5_44899	0.002995751	0.00086392	0.00138793	0.002682523	0.004820317	0.005559483	0.002653375	0.023121617	0.017046617	0.000372076	0.000128843	0.000801137
BA.4/5_44906	0.000976679	0.000466194	0.001788692	0.002848937	0.005067491	0.005794638	0.003757324	0.009270663	0.004892799	0.00033525	0.000115279	0.000446263
BA.4/5_44913	0.001497405	0.002965268	0.002008103	0.002183922	0.003182121	0.002379677	0.002937627	0.012530269	0.009303387	0.000260203	0.00011851	0.000456204
BA.4/5_44920	0.002124164	0.001407038	0.00135025	0.002699858	0.004428294	0.003228127	0.002913191	0.015861471	0.010406943	0.000385468	0.000231946	0.00045183
BA.4/5_44927	0.007488489	0.001322968	0.003665711	0.004898993	0.012098361	0.01191113	0.005547196	0.019248917	0.00821799	0.000437822	7.04E-05	0.000355014
BA.4/5_44934	0.005324822	0.001443519	0.002317484	0.004262246	0.011064394	0.010672154	0.004507274	0.01869295	0.007553715	0.000610337	0.0001426	0.000994412
BA.4/5_44941	0.005026573	0.001725414	0.005326967	0.006376739	0.007231616	0.006236181	0.003108757	0.016383507	0.009533466	0.000519474	0.000102318	0.00035502
BA.4/5_44948	0.002677393	0.00119369	0.002512378	0.004142315	0.008019457	0.008673849	0.00502503	0.017747873	0.008703231	0.000329465	0.000124543	0.000761999
BA.4/5_44955	0.008904975	0.001414213	0.004850637	0.006525127	0.012105344	0.009031067	0.007821908	0.025310492	0.010855888	0.000465666	0.000177947	0.000613339
BA.4/5_44962	0.002325531	0.002131864	0.003308352	0.004110276	0.010265682	0.008698758	0.006772134	0.028152099	0.018672749	0.000577102	0.000255718	0.000987714
BA.4/5_44969	0.004222881	0.00207934	0.008259385	0.009532572	0.01606028	0.014756726	0.006385094	0.035387598	0.019619398	0.000883209	0.000481802	0.000872919
BA.4/5_44976	0.004149543	0.002644704	0.011902301	0.012148185	0.00842187	0.007340347	0.003481231	0.019984325	0.010649561	0.000936106	0.000288009	0.001431953
BA.4/5_44983	0.007931738	0.001807211	0.009187593	0.009973876	0.011753355	0.013639731	0.007899329	0.021770852	0.008573518	0.000976548	0.000542152	0.001391214
BA.4/5_44990	0.008610895	0.001941493	0.005250949	0.008577481	0.019177265	0.017825409	0.010113478	0.033597423	0.015361186	0.000356378	0	0.001100814
BA.4/5_44997	0.008268059	0.004092532	0.003571738	0.007593943	0.017567115	0.013818075	0.0144976	0.042110133	0.024808563	0.000838564	0.000336776	0.002059561
BQ.1_44815	0	0	0	0	0	0	0	0	0	0	0	0
BQ.1_44822	0.000763052	0.013200083	0	0.004111782	0.008844268	0.019465031	0.013772314	0.028815076	0.017102991	0	0	0
BQ.1_44829	0.001779271	0.011207856	0.002086624	0.003264845	0.005179676	0.010417424	0.007069518	0.028085153	0.021895714	0.000435305	0	0.001674693
BQ.1_44836	0.001088144	0.001707993	0.001365383	0.002961663	0.004378487	0.008216906	0.006689093	0.028610231	0.024251739	0.000780361	0	0.001342267
BQ.1_44843	0.001992621	0.002032388	0.003134513	0.00629511	0.002746829	0.003667268	0.005162908	0.008137036	0.00336741	0.000345056	0	0.001546464
BQ.1_44850	0.00144726	0.002065196	0.003548667	0.005956614	0.002401412	0.003679783	0.004927656	0.007751833	0.005093617	0.000222091	7.02E-05	0.001446901
BQ.1_44857	0.001722633	0.00406179	0.001922119	0.003383356	0.001498354	0.001319618	0.002626285	0.021828221	0.020213346	0.000292015	1.57E-05	0.00263147
BQ.1_44864	0.00175253	0.001599714	0.002101896	0.004836659	0.002878056	0.003612009	0.004559002	0.010269992	0.007066164	0.000510076	8.92E-05	0.002060006
BQ.1_44871	0.000617823	0.001554663	0.001177251	0.002785054	0.001322939	0.002242331	0.003522673	0.004976865	0.004389859	0.000365638	3.88E-05	0.001006057
BQ.1_44878	0.001296314	0.0016038	0.00168135	0.002445434	0.001538711	0.002022291	0.002541243	0.018279125	0.017538636	0.000460923	7.35E-05	0.001793479
BQ.1_44885	0.001150937	0.001609849	0.002755434	0.00451058	0.001543607	0.001915761	0.002472963	0.00587819	0.003874142	0.000459248	3.18E-05	0.001109701
BQ.1_44892	0.001989045	0.003529193	0.001898787	0.003123933	0.002744909	0.00285249	0.003092603	0.013302425	0.011233093	0.000408921	6.34E-05	0.003527214
BQ.1_44899	0.000813275	0.002117241	0.002716584	0.004091661	0.001179293	0.00184566	0.003278409	0.00555653	0.004949745	0.000333678	2.73E-05	0.000972279
BQ.1_44906	0.000674243	0.000632114	0.002285018	0.003514214	0.001964138	0.002681233	0.002935951	0.011147543	0.009572464	0.000278323	4.55E-05	0.000673315
BQ.1_44913	0.000222562	0.003267354	0.000729517	0.001926725	0.001216198	0.001002151	0.001946541	0.014122679	0.013033571	0.000363547	8.05E-05	0.000453114
BQ.1_44920	0.001189289	0.001476855	0.001259922	0.002356731	0.000953646	0.000962324	0.001378573	0.008417398	0.007397312	0.000492981	9.29E-05	0.000662867
BQ.1_44927	0.00046396	0.003541231	0.001979139	0.003022163	0.001880625	0.003325944	0.002929903	0.003666182	0.001778387	0.000364683	0.00014265	0.000728563
BQ.1_44934	0.001545943	0.002440978	0.002869397	0.004501844	0.00150116	0.002694559	0.002948474	0.013643693	0.011420204	0.000368975	5.62E-05	0.000736499
BQ.1_44941	0.000421913	0.001006909	0.00233687	0.002853522	0.001270379	0.001304957	0.001660431	0.007118013	0.00618579	0.000679034	8.02E-05	0.00039227
BQ.1_44948	0.000875299	0.001892207	0.001877277	0.002113741	0.002390279	0.004014098	0.003731866	0.007494916	0.005821467	0.000730816	0.000265098	0.000498661
BQ.1_44955	0.001109716	0.002788047	0.002498272	0.00492507	0.002512734	0.002406745	0.002290138	0.011437304	0.008922623	0.000531527	0.000189095	0.000889327
BQ.1_44962	0.001292305	0.001471383	0.003861217	0.00437528	0.003109156	0.003128732	0.003687677	0.00498656	0.003442531	0.000472174	0.000100751	0.001267133
BQ.1_44969	0.001264951	0.001853459	0.003795979	0.004870881	0.002527469	0.003159035	0.003457068	0.008769974	0.00708909	0.00057945	0.000244628	0.000364627
BQ.1_44976	0.002081301	0.003954892	0.005818566	0.007759683	0.005160226	0.00484805	0.004278423	0.008091089	0.002412952	0.00081844	0.000321217	0.001309295
BQ.1_44983	0.001086498	0.004360427	0.003903687	0.004797881	0.002000405	0.001404583	0.002584045	0.010989682	0.009477619	0.000791431	0.000109907	0.000567912
BQ.1_44990	0.002231254	0.006029234	0.005402453	0.00633117	0.002699834	0.003043405	0.004072494	0.008886717	0.006290699	0.000919687	0.000229973	0.001615239
BQ.1_44997	0.001310839	0.003706994	0.006201238	0.007731027	0.005198109	0.004442512	0.006919468	0.00841365	0.004037147	0.00133225	0.000490115	0.001554193
BQ.1_45004	0.002476949	0.00461328	0.007520797	0.006717109	0.00533331	0.005208849	0.004262376	0.013742924	0.009232924	0.001809919	0.000549797	0.001094529
BQ.1_45011	0.002786838	0.003492414	0.008294122	0.008246283	0.006612908	0.005817304	0.007391452	0.017344729	0.011813633	0.001354589	0.001079833	0.000516619
BQ.1_45018	0.004529999	0.007373055	0.022301107	0.028346751	0.009113486	0.006885287	0.011344791	0.023866188	0.015801869	0.001321587	0.001023049	0.00272439
Delta_44269	0	0	0	0	0	0	0	0	0	0	0	0
Delta_44276	0.00392691	0.00392691	0.006361998	0.006404937	0.000644706	0	0.004429038	0.004429038	0.000388511	0.000897668	0.003463041	0
Delta_44283	0.002303539	0.002303539	0.005760231	0.005760231	0	0.002338544	0.003339182	0.003339182	0	0	0.002565373	0
Delta_44290	0.004410335	0.0029649	0.007767057	0.0029649	0	0.002338544	0.0029649	0.0029649	0.002488202	0	0	0.001445435
Delta_44297	0.0044644	0.004156078	0.008887735	0.005760224	0.001202417	0.000696494	0.004557807	0.004557807	0.002488202	0	0	0.000817432
Delta_44304	0.004107778	0.002953507	0.004172536	0.00471297	0.001357735	0.000987067	0.003355236	0.003355236	0.000226756	0.000292552	0.000235286	0.00102468
Delta_44311	0.000777829	0.000578333	0.001211858	0.002066908	0.000997649	0.000120078	0.001069259	0.001069259	0.000226756	0.000292552	0.000235286	0.000639595
Delta_44318	0.003210392	0.001600233	0.003049704	0.003428956	0.001542779	0.000656636	0.002403041	0.001743633	0.000203862	0	0.000144473	0.002244529
Delta_44325	0.002317971	0.000994159	0.002282654	0.003265627	0.002213075	0.000882052	0.002001667	0.001852098	0.000443241	8.62E-05	0.000310677	0.001330944
Delta_44332	0.00247871	0.001092969	0.002390484	0.002342617	0.000825315	0.001226056	0.002140677	0.001650755	0.000711712	0.0001304	0.000539141	0.001685841
Delta_44339	0.001334685	0.000641124	0.00107305	0.001547586	0.000795415	0.000446048	0.001224399	0.001017599	0.000587978	7.65E-05	0.000168711	0.00113993
Delta_44346	0.000931261	0.000441169	0.000999051	0.001539282	0.000792731	0.000522115	0.000823424	0.000822128	0.000375844	7.07E-05	0.000436397	0.000832216
Delta_44353	0.001208985	0.000833231	0.001160351	0.001429337	0.000443282	0.000440647	0.001061082	0.000927467	0.000151506	3.84E-05	0.000337158	0.000680954
Delta_44360	0.001781662	0.000693153	0.001062544	0.002012947	0.001144305	0.000917176	0.001179763	0.000935927	0.000197232	0.000163513	0.000327972	0.001359712
Delta_44367	0.001570301	0.000767803	0.001733821	0.002418895	0.001067798	0.001051532	0.001648516	0.001565001	0.000202635	0.000181085	0.000453548	0.002231588
Delta_44374	0.001765318	0.00070839	0.001047222	0.001552116	0.000970211	0.000498598	0.001022568	0.001092054	0.000320729	0.00021979	0.000475379	0.001723224
Delta_44381	0.001079677	0.000689382	0.000909061	0.000949716	0.000368528	0.00034791	0.000863987	0.000853246	0.000334065	6.26E-05	0.000215175	0.001008234
Delta_44388	0.000667811	0.000469753	0.001364686	0.001557192	0.00051336	0.000329103	0.001396286	0.001376685	0.000248584	0.000125328	0.000287948	0.000751731
Delta_44395	0.000678832	0.000229148	0.000503668	0.000557295	0.000323896	0.000229203	0.00057921	0.000512755	0.000238004	0.000126997	0.00034251	0.000606163
Delta_44402	0.000438419	0.000217837	0.00076985	0.000659585	0.000146953	0.000203011	0.000754435	0.000679434	0.000274871	0.000102592	0.000278883	0.000445527
Delta_44409	0.000763792	0.000188966	0.000551172	0.00045924	0.000151293	0.000240777	0.000599108	0.000482791	0.000218081	7.72E-05	0.000514858	0.000863824
Delta_44416	0.000878924	0.000509817	0.002090773	0.002026003	0.000203794	0.000278369	0.002078039	0.001991365	0.000225428	8.28E-05	0.000240686	0.001440031
Delta_44423	0.00136061	0.000559882	0.002256713	0.002238188	0.000215055	0.000199041	0.002322865	0.002355281	0.000160921	4.95E-05	0.000698814	0.001852601
Delta_44430	0.000901901	0.000270469	0.000657827	0.000630184	0.00022318	0.000219489	0.000625363	0.000617973	0.00017302	7.51E-05	0.000409543	0.000782965
Delta_44437	0.000475582	0.000265544	0.000722665	0.000640228	0.000316824	0.000228172	0.000493409	0.000420229	0.000282572	3.40E-05	0.00034679	0.000362243
Delta_44444	0.000676724	0.000288292	0.000806503	0.000774642	0.000370488	0.000279277	0.000700821	0.000548617	0.000137706	4.24E-05	0.000508796	0.000540732
Delta_44451	0.000721007	0.00032032	0.00064628	0.000593762	0.000232993	0.000272013	0.000594843	0.000520297	0.000177444	7.91E-05	0.000607938	0.000601973
Delta_44458	0.000413657	0.000287299	0.001114477	0.001212842	0.000378573	0.000329495	0.001098271	0.001039128	0.000259018	6.96E-05	0.000248377	0.000410968
Delta_44465	0.000654748	0.000302991	0.000518064	0.000564779	0.000272706	0.000450037	0.000615319	0.000383168	0.000207291	0.000153967	0.000382873	0.000599226
Delta_44472	0.000838702	0.000749365	0.001419343	0.001318955	0.000444556	0.000550399	0.001254829	0.001021902	0.000503965	7.50E-05	0.000251593	0.000380116
Delta_44479	0.000859989	0.000479619	0.000953227	0.000994875	0.000490234	0.000510974	0.000716292	0.000592739	0.000546143	4.64E-05	0.000296686	0.000536981
Delta_44486	0.000771693	0.000506281	0.000899249	0.000918299	0.000368509	0.000387921	0.000876542	0.00073186	0.000354246	0.000190758	0.000445837	0.000484065
Delta_44493	0.000777936	0.000560605	0.001123647	0.001162303	0.000365833	0.0004851	0.001118436	0.00105719	0.000349502	0.000135822	0.000310986	0.000412846
Delta_44500	0.000629448	0.000385103	0.000725663	0.000738197	0.000263963	0.00031413	0.000789122	0.000748955	0.000482574	9.43E-05	0.000281056	0.000410853
Delta_44507	0.000725569	0.000491518	0.001726045	0.001758299	0.000278355	0.000444055	0.00190307	0.001813625	0.000487246	5.34E-05	0.000266145	0.000384604
Delta_44514	0.00056311	0.000434768	0.001892952	0.00194726	0.000339904	0.000360862	0.00212535	0.001992413	0.000227313	0.000130062	0.000367227	0.000310175
Delta_44521	0.000689652	0.000575523	0.000825118	0.000758064	0.000268711	0.000415559	0.000835242	0.000734662	0.000245911	0.000183666	0.000407686	0.000363055
Delta_44528	0.000728804	0.000445866	0.001760334	0.001653705	0.000289288	0.000441587	0.001835301	0.001690974	0.000362528	9.88E-05	0.000417324	0.000422017
Delta_44535	0.000948734	0.000725555	0.001692675	0.001788607	0.00044904	0.000515734	0.001853204	0.001770599	0.000293481	0.000148639	0.000495825	0.000367048
Delta_44542	0.000727408	0.000597201	0.000990124	0.001006524	0.000308743	0.000388405	0.001013799	0.000943452	0.00026255	0.000170018	0.000305628	0.000268412
Delta_44549	0.000649331	0.000441461	0.000974963	0.001072896	0.000563414	0.000460464	0.001140203	0.001032541	0.000266098	0.000266355	0.000580096	0.000352553
Delta_44556	0.001523083	0.001294532	0.002203073	0.00267666	0.001182217	0.000828374	0.002240153	0.001979999	0.000869736	0.00035946	0.000705344	0.000626469
Delta_44563	0.001902138	0.001311323	0.003402179	0.003752351	0.00136196	0.000873674	0.002950973	0.002606944	0.000442506	0.000301658	0.000554726	0.001077035
Delta_44570	0.001886435	0.001343329	0.002291304	0.002551497	0.001157331	0.001425518	0.002267646	0.002036291	0.001215378	0.000351497	0.001028208	0.001140582
Delta_44577	0.002102391	0.001135697	0.004190797	0.004461199	0.001781638	0.001763466	0.004350403	0.003886157	0.001528847	0.00017221	0.000777828	0.001484635
Delta_44584	0.003844479	0.00245494	0.006894695	0.006638495	0.001883039	0.002067482	0.006927547	0.006127498	0.00164774	0.000715768	0.001290675	0.002274789
Delta_44591	0.005641028	0.004162412	0.005878379	0.004677981	0.001324388	0.003363996	0.005349159	0.004790403	0.001268114	0.000909853	0.001664689	0.003223233
Delta_44598	0.016532112	0.011081661	0.016621549	0.019169132	0.003381132	0.008196412	0.015974774	0.011427144	0.0003508	0.000988925	0.001053215	0.004884457
WT_43863	0	0	0	0	0	0	0	0	0	0	0	0
WT_43870	0.004704659	0	0.004813626	0.004813626	0	0	0.004813626	0.004813626	0	0	0.004704659	0.004704659
WT_43877	0	0	0	0	0	0	0	0	0	0	0	0
WT_43884	0.00096325	0.00096325	0.00096325	0	0	0	0	0	0	0	0	0
WT_43891	0.00096325	0.00096325	0.002053284	0	0	0	0	0	0.000664362	0	0	0
WT_43898	0.001590056	0.001590056	0.002529562	0.002263958	0	9.29E-05	0.002338723	0.002202446	0.000480752	9.29E-05	9.29E-05	0.00028417
WT_43905	0.001323103	0.001323103	0.00304809	0.002204292	5.11E-05	0.00016237	0.002307662	0.002171385	0.000283066	0.00016237	0.00016237	0.00028417
WT_43912	0.000362981	0.000325488	0.000506772	0.000209537	0.000172754	3.35E-05	0.000367551	0.000295746	0.000273431	6.88E-05	0.00015048	0.000193674
WT_43919	0.000382502	0.000291982	0.000649855	0.000566963	0.000253629	0.000100465	0.000544737	0.000539755	0.00034269	0.000108711	0.000249937	0.0002305
WT_43926	0.000264664	0.000172913	0.000287636	0.000287189	0.00028295	0.000292605	0.000289609	0.000324019	0.000313713	7.13E-05	0.000248492	0.000277914
WT_43933	9.52E-05	8.97E-05	0.000354304	0.000326563	0.000511452	0.000725873	0.000463256	0.000392315	0.000392736	0.000126266	0.000337978	0.000515844
WT_43940	0.000256663	0.000248427	0.001180674	0.001310788	0.000836312	0.001455796	0.001027092	0.000756085	0.00032071	0.000161461	0.000414018	0.000344047
WT_43947	0.000749607	0.000373712	0.002100464	0.002282112	0.002371032	0.002122343	0.000798834	0.000632927	0.000296738	9.41E-05	0.000345587	0.001251194
WT_43954	0.000632481	0.000332328	0.002459188	0.002464846	0.002643903	0.002264547	0.001060049	0.000900834	0.000325643	0.000149701	0.000387037	0.001360262
WT_43961	0.000644167	0.000540461	0.003970588	0.003925143	0.003673044	0.003513709	0.00170329	0.001656588	0.000474517	0.000175132	0.000399174	0.000826988
WT_43968	0.000909584	0.000610364	0.001619708	0.001953479	0.001502905	0.001335333	0.001971053	0.001841429	0.000891128	0.000264352	0.000497816	0.001076909
WT_43975	0.001024307	0.000716274	0.001631669	0.00153695	0.000684233	0.000853179	0.001407918	0.001194196	0.000588714	0.000171406	0.000282651	0.000420674
WT_43982	0.000871005	0.001406233	0.002566515	0.001911208	0.001544851	0.001104261	0.001827539	0.001094473	0.000315741	0.000192083	0.000368729	0.000880856
WT_43989	0.001119248	0.001284896	0.002686838	0.001631454	0.001311885	0.001128182	0.001757449	0.000972551	0.000291514	7.33E-05	0.000447391	0.001666137
WT_43996	0.000599581	0.000462972	0.00127251	0.000902316	0.000462643	0.000463386	0.000814647	0.000656983	0.000455327	0.000170708	0.000418073	0.001318676
WT_44003	0.000789849	0.000592036	0.00124189	0.001253446	0.000637895	0.00069402	0.001278072	0.001247812	0.000822827	0.000465926	0.000527203	0.000505581
WT_44010	0.001239777	0.000931573	0.001252678	0.00116201	0.000397199	0.000510814	0.001335867	0.001469287	0.001297466	0.000382056	0.000454952	0.000334184
WT_44017	0.000773632	0.000554563	0.000841014	0.000713398	0.000492099	0.001540582	0.000963613	0.00059894	0.000439494	0.000106192	0.000184321	0.000770723
WT_44024	0.000543141	0.000321684	0.000961899	0.000693467	0.000455499	0.0015393	0.000910982	0.000736495	0.000482835	0.000277964	0.000564881	0.000537948
WT_44031	0.000673342	0.000370047	0.002573762	0.002362448	0.000557335	0.00052027	0.002638669	0.002471722	0.000341781	0.000114489	0.000532027	0.000591734
WT_44038	0.000689598	0.000413909	0.002435169	0.002406095	0.000389139	0.000447353	0.002499758	0.002346868	0.000197782	0.000193989	0.000629176	0.000595706
WT_44045	0.000697511	0.000376366	0.000741131	0.000723547	0.000600298	0.001503457	0.000750328	0.000820488	0.000285112	7.97E-05	0.000273967	0.001071251
WT_44052	0.000414804	0.000215169	0.000725199	0.000851804	0.001138255	0.000271422	0.000604416	0.001398929	0.001278143	0.000109635	0.000222481	0.001673397
WT_44059	0.000708769	0.000409276	0.001077947	0.000891363	0.002296179	0.001635836	0.00094175	0.001666753	0.001177456	0.000115104	0.00035784	0.002536489
WT_44066	0.000626794	0.000568515	0.0013626	0.001062104	0.00193715	0.000206528	0.001529458	0.001749551	0.000816624	0.000116387	0.000227919	0.002248496
WT_44073	0.000846211	0.000501931	0.00082599	0.001012262	0.001078813	0.000378435	0.001056111	0.001283903	0.000672034	0.00020049	0.000314235	0.001259092
WT_44080	0.000887799	0.000509946	0.000784533	0.000886746	0.000268832	0.00081912	0.001127454	0.000742387	0.000642254	0.000212184	0.000445281	0.00080405
WT_44087	0.000882606	0.000492451	0.001022749	0.00113985	0.001037018	0.000792941	0.001044784	0.001026417	0.001827491	0.000131154	0.000700993	0.001292797
WT_44094	0.000674223	0.000401559	0.001270774	0.001175266	0.002641377	0.000640299	0.000856704	0.000585358	0.001017635	0.00010054	0.00060092	0.00267256
WT_44101	0.000590124	0.000359042	0.000631485	0.000613172	0.002016122	0.000490342	0.000599214	0.000520404	0.000447861	0.000171577	0.000632062	0.002346419
WT_44108	0.000647809	0.000430725	0.00108083	0.000862981	0.002367319	0.000675094	0.000996673	0.001093054	0.000486254	0.000682902	0.001068613	0.002814828
WT_44115	0.000656578	0.00044231	0.000671959	0.000503513	0.000308479	0.000522786	0.00072812	0.001688681	0.001198335	0.00027925	0.000591439	0.00086083
WT_44122	0.000832768	0.000725892	0.000875801	0.001024264	0.003895079	0.000526808	0.001266021	0.001392503	0.000572183	0.000712129	0.000978177	0.004004911
WT_44129	0.00058756	0.000331688	0.000798656	0.000918611	0.001736435	0.000546305	0.001087901	0.001846452	0.00125473	0.000338309	0.000538354	0.002385202
WT_44136	0.001356012	0.001108348	0.001803674	0.001814444	0.00365577	0.000390878	0.002290379	0.002480732	0.001028003	0.000331911	0.000643061	0.004049058
WT_44143	0.000776167	0.000573077	0.001222863	0.001336159	0.001157716	0.000525046	0.001740904	0.001813366	0.001002318	0.000274411	0.000504821	0.001547765
WT_44150	0.000713153	0.000374533	0.001039069	0.001063351	0.006886689	0.000360287	0.001069254	0.001591103	0.000867741	0.000184564	0.000652871	0.007649848
WT_44157	0.001848485	0.001358556	0.002456232	0.002413996	0.000270513	0.000420636	0.002589688	0.002816613	0.000667265	0.000104915	0.000628356	0.001119022
WT_44164	0.003434393	0.003087182	0.004301119	0.004349558	0.004659294	0.000335816	0.004026756	0.004412611	0.000735508	0.00015856	0.000481581	0.005038919
WT_44171	0.002005395	0.001615262	0.007058032	0.006929521	0.004338771	0.00019518	0.006960689	0.00687036	0.000397835	0.000146702	0.000415353	0.005035285
WT_44178	0.001293942	0.000993218	0.011881889	0.011810507	0.004024494	0.000475491	0.012007397	0.011854	0.000412709	0.000132853	0.000252515	0.004271714
WT_44185	0.001463862	0.00101803	0.003443332	0.003706766	0.002793964	0.000740875	0.00401945	0.003969155	0.000690775	0.000208659	0.00037979	0.003413244
WT_44192	0.004220158	0.002850677	0.014131844	0.014239231	0.002572614	0.000845604	0.014187309	0.014104556	0.000573595	0.000384239	0.000611349	0.005765789
WT_44199	0.002216005	0.001580493	0.006612558	0.007040761	0.002658141	0.001533597	0.007463452	0.007631596	0.00095041	0.000683049	0.000920629	0.003141391
WT_44206	0.002109309	0.001438659	0.015461487	0.015987822	0.00211819	0.001077201	0.015977049	0.015963199	0.000481673	0.000678135	0.000876729	0.002691307
WT_44213	0.003696618	0.002805053	0.008281308	0.008315959	0.002833329	0.000809021	0.008470959	0.00824256	0.000330891	0.000359434	0.000537292	0.004823157
WT_44220	0.002896084	0.001589319	0.005357067	0.005196884	0.001030969	0.000914499	0.005315219	0.005417387	0.000869995	0.0002709	0.000535469	0.003346149
WT_44227	0.008092565	0.006099559	0.014670004	0.014875363	0.002547305	0.000906594	0.014522352	0.014239822	0.00056746	0.000254491	0.000533797	0.006803658
WT_44234	0.007852566	0.005647106	0.009989172	0.010241857	0.003113019	0.001000817	0.010675493	0.010460247	0.00078962	0.000192291	0.000417949	0.007074286
WT_44241	0.012901416	0.006425934	0.010462466	0.01049254	0.003974127	0.000703149	0.010723015	0.010355514	0.000615262	0.000155207	0.000314035	0.018689153
WT_44248	0.011794671	0.00748663	0.010070797	0.010080994	0.000882476	0.001357869	0.009711244	0.00944316	0.000629087	0.0002111	0.000498651	0.005371619
WT_44255	0.019935551	0.014695199	0.024286563	0.0243829	0.00125997	0.001384304	0.024252927	0.024182479	0.000526872	0.000108	0.000410301	0.011103187
WT_44262	0.012260934	0.010230607	0.020052959	0.020541797	0.002122692	0.001336015	0.020572972	0.019817551	0.000740397	0.000226569	0.00057617	0.005064597
WT_44269	0.02640533	0.020046095	0.022567412	0.022623742	0.001840265	0.001807204	0.022366207	0.021871285	0.000835973	0.000344371	0.000567951	0.015243095
WT_44276	0.023345066	0.017539175	0.032204892	0.032291609	0.004217391	0.002274526	0.031443477	0.030650195	0.000692989	0.000246904	0.000512558	0.015016554
WT_44283	0.060412924	0.039832648	0.044871245	0.045021531	0.00134531	0.001753834	0.04486885	0.044284383	0.00058327	0.000378381	0.000685169	0.036430633
WT_44290	0.017980085	0.013391443	0.016820628	0.017457935	0.00316139	0.001249573	0.016942695	0.016219938	0.000507119	0.000254844	0.000614152	0.024493029
WT_44297	0.058610534	0.028954091	0.033075165	0.034720658	0.002542539	0.00300505	0.034418502	0.031978701	0.000611178	0.000216057	0.000791647	0.037066483
WT_44304	0.0096476	0.00889393	0.01071244	0.011385235	0.001525412	0.001529228	0.010319761	0.009366478	0.000681009	0.000143685	0.000541628	0.003464467
WT_44311	0.045470059	0.026332944	0.035879764	0.038063057	0.001295931	0.004415353	0.038084338	0.03537227	0.000387931	0.000275258	0.00083646	0.037075568
WT_44318	0.038326038	0.015986364	0.022717731	0.023922028	0.000730095	0.003357371	0.023379883	0.021696841	0.000583198	0.00023476	0.00111146	0.040132975
WT_44325	0.019163712	0.008215743	0.01213028	0.014218455	0.003720439	0.003840265	0.013749914	0.011240689	0.000561395	0.000336137	0.001014396	0.016867245
WT_44332	0.052054796	0.026690303	0.040684164	0.044651202	0.002408463	0.006582508	0.043811113	0.039628957	0.000441488	0.000803042	0.001343832	0.045341349
WT_44339	0.055178797	0.022308336	0.027213225	0.028841063	0.00203237	0.004303897	0.029191256	0.026475752	0.000224795	0.000402699	0.000805889	0.060738707
WT_44346	0.014344293	0.006559376	0.012751186	0.014483018	0.002654066	0.006472424	0.014006358	0.011818289	0.000182965	0.000324338	0.000963718	0.027960618
WT_44353	0.025999831	0.015628071	0.041075204	0.046265246	0.001810745	0.011516981	0.044696021	0.038588803	0.000509701	0.000177503	0.000810886	0.012549462
WT_44360	0.014811615	0.004576917	0.006935852	0.009245346	0.003138929	0.004571878	0.009063719	0.00592365	0.000567187	0.000114787	0.000453432	0.020016652
WT_44367	0.023481065	0.011194884	0.02060329	0.025390466	0.002094031	0.006794102	0.025306248	0.019600191	0.000457458	0.000303168	0.000816338	0.01480257
WT_44374	0.031999108	0.021039147	0.026993449	0.033159904	0.00299241	0.009071327	0.032097178	0.024693827	0.000553171	0.0004409	0.000948141	0.026896201
WT_44381	0.046064053	0.020501523	0.02653345	0.030230592	0.002014901	0.008550493	0.030264434	0.025734867	0.000364123	0.000342272	0.001007001	0.04581841
WT_44388	0.026842795	0.008681238	0.022649378	0.031233248	0.001602268	0.01228111	0.030338624	0.020518044	0.000359465	0.000424003	0.002359324	0.021836979
WT_44395	0.068057729	0.035695686	0.046566693	0.049205681	0.001270176	0.006580486	0.049601908	0.045158854	0.000329342	0.000143254	0.001098361	0.035502717
WT_44402	0.089773004	0.055826031	0.061738986	0.074600754	0.001323633	0.018580919	0.074732703	0.060493538	0.000676822	0.000226011	0.001053503	0.043160178
WT_44409	0.033769869	0.015366206	0.021985106	0.027323951	0.001700368	0.011385911	0.026840101	0.021542606	0.000885827	0.00015754	0.001341802	0.028296257
WT_44416	0.256961375	0.15344715	0.167749244	0.193874575	0.001092329	0.03502555	0.194360492	0.165996759	0.000786156	0.000244066	0.001344196	0.174310738
WT_44423	0.115478875	0.066765567	0.094959045	0.102706059	0.001349407	0.010357396	0.103451678	0.093385444	0.001061706	9.83E-05	0.000712456	0.066929922
WT_44430	0.238041651	0.152260599	0.446582426	0.461858349	0.000730812	0.018783864	0.46215735	0.444288358	0.000905954	0.000198127	0.000486109	0.186286974
WT_44437	0.413373139	0.247018385	0.553335909	0.581312648	0.00095672	0.03296254	0.58088673	0.549870165	0.000442774	0.000293916	0.000670917	0.33407076
WT_44444	0.004051007	0.002333064	0.012976727	0.022426425	0.00057544	0.011436814	0.021764137	0.01144565	0.000436372	0.001011181	0.001658562	0.007298035
WT_44451	0.03325006	0.014699333	0.036151283	0.037278961	0.002813914	0.003182683	0.033676711	0.031122649	0.000159237	0.000280563	0.001519745	0.031794829
WT_44458	0.07971435	0.036468126	0.08891612	0.104649863	0.003745948	0.021921173	0.103604224	0.086970892	0.000251685	0.000606267	0.001159074	0.066820964
XBB_44836	0	0	0	0	0	0	0	0	0	0	0	0
XBB_44843	0.003260216	0.013002347	0.006472157	0.010152596	0.00535355	0.004658173	0.008728658	0.012136049	0.008521619	0.00032661	0	0.004745434
XBB_44850	0.002710266	0.004193977	0.004025429	0.006529723	0.004415378	0.004435448	0.00767155	0.005238801	0.003613181	0.001206517	0.000412654	0.004190383
XBB_44857	0.005765452	0.006530489	0.00569947	0.009444784	0.007910164	0.008394121	0.013854482	0.008523031	0.00416791	0.000879907	0.000412654	0.006739974
XBB_44864	0.002265263	0.009629702	0.004819759	0.007133564	0.006533778	0.004552394	0.008518909	0.008213939	0.003870143	0	0.000390408	0.002391049
XBB_44871	0.002652154	0.009620076	0.0102583	0.015621815	0.002203616	0.002354433	0.00901263	0.008639241	0.007023959	0.000816083	0.000390408	0.003459853
XBB_44878	0.002028998	0.005797265	0.007397041	0.011833174	0.005533491	0.004222183	0.010590814	0.006218598	0.002596986	0.001026135	0	0.002442968
XBB_44885	0.001538487	0.007855356	0.016964435	0.019103729	0.007000596	0.006930671	0.008728679	0.009641675	0.005487694	0.000778072	0.000857303	0.002765199
XBB_44892	0.00028409	0.006563473	0.005021186	0.006451596	0.005439969	0.006424802	0.009179005	0.010104929	0.006676527	0.00149596	0.000857303	0.001214239
XBB_44899	0.001448587	0.002546772	0.033991886	0.036380976	0.003858074	0.004440485	0.006532844	0.012823695	0.01011467	0.000536135	9.60E-05	0.003235525
XBB_44906	0.001662573	0.0038926	0.022369348	0.025088258	0.004450429	0.004661489	0.00405819	0.008404936	0.004448199	0.000320401	9.60E-05	0.001029372
XBB_44913	0.001299289	0.006776131	0.056834447	0.060496546	0.003688818	0.003397062	0.006405411	0.005198623	0.002681137	0.000324292	0	0.001943263
XBB_44920	0.001541403	0.001797053	0.079075406	0.084561006	0.005509174	0.004906069	0.009080822	0.008628297	0.004488891	0.000581436	6.00E-05	0.002189248
XBB_44927	0.00187027	0.003028138	0.115217789	0.118929077	0.005113435	0.004369647	0.008066074	0.008694422	0.004836396	0.000601446	0.000269272	0.001318057
XBB_44934	0.001515867	0.003726261	0.089833505	0.092152926	0.00281155	0.002103229	0.003714594	0.007415447	0.004931641	0.00076646	0.000163596	0.002015855
XBB_44941	0.001316955	0.005946071	0.043712381	0.046789811	0.003437531	0.003921596	0.006121745	0.006180052	0.003380408	0.000919414	0.00011916	0.001375995
XBB_44948	0.001404338	0.002774318	0.061521076	0.062442921	0.000752788	0.000831224	0.002294332	0.002275583	0.001803416	0.000744118	0.000275414	0.001369417
XBB_44955	0.001115085	0.003163509	0.026965055	0.027657707	0.003614763	0.003866771	0.00565718	0.003555814	0.00071104	0.000490105	0.000107012	0.000960952
XBB_44962	0.001520843	0.002692647	0.016711115	0.018326502	0.003695052	0.003936132	0.007631491	0.003827171	0.001648104	0.000690146	0.000109623	0.000712009
XBB_44969	0.001220984	0.001740224	0.016904776	0.017931122	0.002852242	0.002954719	0.005426774	0.003583633	0.001560656	0.000696383	0.00012064	0.000803546
XBB_44976	0.001919339	0.002145557	0.004247442	0.006097194	0.003827484	0.003761593	0.006502284	0.004409331	0.001836856	0.000965071	8.35E-05	0.001043432
XBB_44983	0.001498518	0.001551651	0.008881798	0.008931837	0.001239776	0.001408936	0.001848242	0.0017706	0.000896205	0.000584345	7.47E-05	0.000825205
XBB_44990	0.001417011	0.002616919	0.006501898	0.006601897	0.00130679	0.001150303	0.002311413	0.002200292	0.001533134	0.000592798	8.19E-05	0.001328944
XBB_44997	0.001379512	0.000886806	0.006839903	0.008427914	0.00232215	0.001882893	0.004378839	0.003431352	0.00156387	0.000706629	0.000151371	0.000227629
XBB_45004	0.001349362	0.004632346	0.01319526	0.014715764	0.002119274	0.00233817	0.00282744	0.003205338	0.001405521	0.000909365	0.000205684	0.000459251
XBB_45011	0.001066161	0.004486031	0.015730262	0.018316087	0.002983058	0.002598981	0.006062759	0.003192629	0.001600788	0.001009822	0.000116375	0.000765184
XBB_45018	0.003035072	0.004372058	0.026630323	0.0286424	0.003983488	0.003658721	0.006758735	0.004348829	0.002252428	0.000586051	7.63E-05	0.003178828
XBB_45025	0.003574813	0.004471238	0.021179709	0.023197071	0.002602173	0.002497955	0.00596294	0.004298515	0.002839808	0.000933946	0.000204856	0.001642345
XBB_45032	0.003174736	0.004797635	0.022152728	0.025465177	0.003819108	0.003663691	0.007779441	0.005018295	0.002023922	0.000720452	0.000221697	0.00284889
XBB_45039	0.002510999	0.004789267	0.014401648	0.015832974	0.001502248	0.001408197	0.003175852	0.004342452	0.002818867	0.00149881	0.000299748	0.000837126
XBB_45046	0.003264656	0.005051383	0.023801973	0.026044489	0.002904813	0.002990613	0.005988623	0.0040729	0.00244211	0.000847429	0.000176911	0.002014184
XBB_45053	0.003389626	0.005427068	0.023259	0.024513338	0.001161071	0.000985671	0.002195495	0.002139641	0.001209446	0.000889582	0.000154925	0.000358129
XBB_45060	0.004876332	0.005964193	0.019574754	0.021630083	0.001507385	0.001554921	0.003829908	0.002917173	0.002148054	0.001229274	0.000255433	0.001317887
XBB_45067	0.004659683	0.005869537	0.032332398	0.03406075	0.00118333	0.001073256	0.002380531	0.003310098	0.002041078	0.001156302	0.000518123	0.000943675
XBB_45074	0.002934444	0.005239636	0.032498871	0.03571318	0.001984439	0.002207829	0.005245388	0.003350987	0.001819839	0.00088159	0.000329089	0.001009238
XBB_45081	0.004236897	0.00511995	0.013699834	0.01455789	0.001438146	0.001848162	0.002903725	0.003409552	0.002533446	0.001108363	0.000262741	0.001045056
XBB_45088	0.00250369	0.003161335	0.023735146	0.027491685	0.003372495	0.00346547	0.007342578	0.004496729	0.00370602	0.001363266	0.00022554	0.001809053
XBB_45095	0.010183141	0.009899732	0.020821352	0.024454241	0.003700262	0.003789398	0.008182251	0.007534232	0.005425337	0.001145985	0.000653298	0.001550325
XBB_45102	0.005709047	0.006871318	0.01706499	0.02038475	0.003134058	0.002943047	0.005922512	0.007411096	0.005299882	0.000901336	0.00039261	0.001254581
XBB_45109	0.011812867	0.013299247	0.023495628	0.028720598	0.003459471	0.003509938	0.007256326	0.005768972	0.00452306	0.001120443	0.000302466	0.002118938
XBB_45116	0.009609223	0.011566912	0.020743465	0.024591699	0.002172754	0.002441032	0.00555089	0.005353505	0.004916235	0.00069042	0.000626014	0.001593523
XBB_45123	0.01404197	0.014383777	0.020630569	0.020764278	0.003429293	0.003471127	0.005556104	0.002810791	0.001492372	0.000591575	0.00030721	0.00214773
XBB_45130	0.013085277	0.015089598	0.021073113	0.024552181	0.003309459	0.003395617	0.006913742	0.004440203	0.002168136	0.001025121	0.000214191	0.001302041
XBB_45137	0.014302559	0.0145266	0.015366104	0.017385674	0.001937671	0.002258905	0.004364066	0.004278639	0.001776935	0.00091801	8.58E-05	0.001584175
XBB_45144	0.012722036	0.014791604	0.027230771	0.028278223	0.001611166	0.001776307	0.00346853	0.002968444	0.001102328	0.001143112	0.000262087	0.001048269
XBB_45151	0.013689509	0.013642046	0.023634409	0.024070508	0.00201196	0.001514704	0.004259978	0.00387107	0.001984438	0.000758242	0.000316499	0.001165482
XBB_45158	0.012834983	0.014766759	0.023382672	0.027261637	0.00225141	0.002204291	0.005533738	0.006460772	0.002432891	0.000552705	0.000225666	0.002320984
XBB_45165	0.014925087	0.016882238	0.019450877	0.022280587	0.002238224	0.002008605	0.004592507	0.005276418	0.001810628	0.000450681	0.000291672	0.001748078
XBB_45172	0.012790883	0.012226181	0.01723415	0.018826809	0.002192593	0.001675389	0.004295162	0.005261323	0.002316122	0.000646629	0.000242425	0.000980181
XBB_45179	0.018059413	0.016720647	0.019700555	0.018289054	0.001837379	0.001374865	0.003132268	0.007051178	0.001371529	0.000710017	0.000221815	0.000842573
XBB_45186	0.01555975	0.014899578	0.032405839	0.032525034	0.002364883	0.00253438	0.005603858	0.00764559	0.00167054	0.000879983	0.000124051	0.001457829
XBB_45193	0.015623409	0.015742679	0.029886364	0.027345247	0.001184209	0.001193284	0.002700763	0.006322188	0.002331438	0.000521617	0.000189118	0.000806144
XBB_45200	0.019076545	0.015715434	0.023393604	0.022990599	0.001359256	0.001378715	0.003550902	0.010300936	0.001483189	0.000474045	0.000214786	0.000943164
XBB_45207	0.017414666	0.015111705	0.041601718	0.042784432	0.001960615	0.0023917	0.00457651	0.010085452	0.001838204	0.000776955	0.000310732	0.001178597
XBB_45214	0.020834069	0.018978952	0.041440553	0.032931848	0.002029719	0.002032844	0.004298092	0.006403242	0.001506054	0.000769556	0.000285864	0.001516661
XBB_45221	0.018982991	0.015353757	0.045687744	0.045214252	0.001410249	0.001532611	0.003284459	0.013073338	0.002422718	0.000718234	0.000230161	0.001052394
XBB_45228	0.008712826	0.007985191	0.01012855	0.016848747	0.002361783	0.002824876	0.005443684	0.011183099	0.002927841	0.000625419	0.00027323	0.002025417
XBB_45235	0.023331709	0.022555036	0.054568298	0.063383098	0.002264745	0.00234924	0.007831057	0.019937339	0.005488532	0.000741065	0.000180694	0.00260428
XBB_45242	0.006412704	0.006204141	0.012421422	0.017446443	0.004030954	0.003265106	0.00524361	0.011072296	0.002158595	0.000877958	0.000213093	0.00061345
XBB_45249	0.022979201	0.016708457	0.049067169	0.04251243	0.002757189	0.002329116	0.004661214	0.009859329	0.003617195	0.000494507	0.000265026	0.001009034
XBB_45256	0.005581868	0.005606927	0.011239719	0.02235958	0.004350093	0.003903222	0.006423092	0.016378974	0.002281755	0.000718035	0.000194741	0.001801362
XBB_45263	0.009666392	0.008326587	0.017509866	0.026427614	0.004404178	0.004075505	0.008674649	0.014500708	0.004576808	0.001264165	7.67E-05	0.002563732
XBB_45270	0.011100429	0.00984125	0.019843293	0.014533387	0.001835359	0.001482301	0.003980768	0.009062543	0.004625424	0.000847421	0.000213733	0.00120284
XBB_45277	0.011727425	0.010264542	0.02224533	0.020856084	0.003520523	0.002881923	0.005238341	0.010833198	0.004542086	0.001110237	0.000163478	0.000807037
XBB_45284	0.007197173	0.006411197	0.022435404	0.034473753	0.006123032	0.004690212	0.00845262	0.021248105	0.003649244	0.000822626	0.000197317	0.000793813
XBB_45291	0.016095482	0.017008352	0.031788116	0.029200759	0.007270865	0.006310672	0.008484344	0.013579138	0.002757188	0.000804638	0.000384981	0.00123064
XBB_45298	0.009641128	0.004705437	0.022551728	0.022447718	0.004868824	0.004852256	0.006493571	0.012166315	0.00497865	0.000932646	0.000331246	0.001108517
XBB_45305	0.006395946	0.004997115	0.021490924	0.032249983	0.007080793	0.0068054	0.007836256	0.020377099	0.005431742	0.000967238	0.000348126	0.001000865
XBB_45312	0.023519559	0.023184187	0.029582283	0.034342881	0.005443821	0.005003239	0.008814084	0.030182434	0.007962477	0.001052799	0.000216988	0.003814841
XBB_45319	0.018620486	0.015722769	0.040075235	0.043363532	0.010091722	0.008765068	0.012250193	0.029813455	0.01146861	0.001334151	0.000738688	0.001867358
