VOC	Date	InfectionProportion	HaploMax_AntigenicDistanceABS	HaploMax_ChangeACE2binding	HaploMax_ChangeCellEntry	HaploMax_ChangeImmuneEscape	AdvHaploMax_AntigenicDistanceABS	AdvHaploMax_ChangeACE2binding	AdvHaploMax_ChangeCellEntry	AdvHaploMax_ChangeImmuneEscape	Cha_AntigenicDistanceABS	Cha_ChangeACE2binding	Cha_ChangeCellEntry	Cha_ChangeImmuneEscape
WT	2020-02-02	1.57313687408105e-06	1.02154225850103	0.267662337662338	0.0558506493506494	0.0944077995324675	0.234110116436364	0.0009090909090909	0.0558506493506494	0	0.787432142064666	0.266753246753247	0	0.0944077995324675
WT	2020-02-09	3.68878750210056e-06	0.496649007064935	0.620909090909091	0.212950649350649	0	0.234110116436364	0.0009090909090909	0.0558506493506494	0	0.262538890628571	0.62	0.1571	0
WT	2020-02-16	8.71779309329449e-06	0.902839151064935	0.0009090909090909	0.244150649350649	0	0.346784900064935	0.0009090909090909	0.0558506493506494	0	0.556054251	0	0.1883	0
WT	2020-02-23	2.85650237799202e-05	0.510454971064935	0.0009090909090909	0.563650649350649	0	0.370498920636364	0.0009090909090909	0.0558506493506494	0	0.139956050428571	0	0.5078	0
WT	2020-03-01	0.0001030810135225	0.542192449064935	0.170909090909091	0.244150649350649	0.0080218039220779	0.370498920636364	0.0009090909090909	0.0558506493506494	0	0.171693528428571	0.17	0.1883	0.0080218039220779
WT	2020-03-08	0.0003482278001651	2.53932821319481	0.170909090909091	0.781550649350649	0.260546933922078	0.496649007064935	0.0009090909090909	0.244150649350649	0	2.04267920612988	0.17	0.5374	0.260546933922078
WT	2020-03-15	0.0010716318840975	0.741206035064935	0.170909090909091	0.781550649350649	0.0080218039220779	0.579473373064935	0.0009090909090909	0.409750649350649	0	0.161732662	0.17	0.3718	0.0080218039220779
WT	2020-03-22	0.00275027987806	2.40671893635065	0.620909090909091	0.91805064935065	0.260546933922078	0.579473373064935	0.620909090909091	0.409750649350649	0.0086242529220779	1.82724556328571	0	0.508300000000001	0.251922681
WT	2020-03-29	0.0056006504301894	0.699062284064935	0.900909090909091	0.781550649350649	0.0949928899220779	0.579473373064935	0.620909090909091	0.50035064935065	0.0086242529220779	0.119588911	0.28	0.281199999999999	0.086368637
WT	2020-04-05	0.009463069559673	0.733755457064935	0.900909090909091	0.781550649350649	0.0949928899220779	0.727069472064935	0.620909090909091	0.740350649350649	0	0.00668598499999995	0.28	0.0412	0.0949928899220779
WT	2020-04-12	0.0137755442714219	1.02154225850103	0.900909090909091	0.781550649350649	0.0949928899220779	0.727069472064935	0.620909090909091	0.740350649350649	0	0.294472786436095	0.28	0.0412	0.0949928899220779
WT	2020-04-19	0.0183071722373007	0.737699705064935	0.620909090909091	0.781550649350649	0.260546933922078	0.727069472064935	0.620909090909091	0.740350649350649	0	0.010630233	0	0.0412	0.260546933922078
WT	2020-04-26	0.0229007202178504	1.35190400416883	0.900909090909091	0.781550649350649	0.0949928899220779	0.727069472064935	0.620909090909091	0.740350649350649	0	0.624834532103895	0.28	0.0412	0.0949928899220779
WT	2020-05-03	0.0277184235168321	3.01900584301299	0.880909090909091	0.574150649350649	0.342005953922078	0.699062284064935	0.620909090909091	0.50105064935065	0.0011929739220779	2.31994355894806	0.26	0.0730999999999989	0.34081298
WT	2020-05-10	0.0327394572697012	2.25003227622078	1.21090909090909	0.740350649350649	0.289747810922078	0.699062284064935	0.900909090909091	0.563650649350649	0.0073138529220779	1.55096999215585	0.309999999999999	0.1767	0.282433958
WT	2020-05-17	0.0381890708494009	1.01917897327273	0.620909090909091	0.740350649350649	0.0949928899220779	0.699062284064935	0.620909090909091	0.50035064935065	0	0.320116689207795	0	0.239999999999999	0.0949928899220779
WT	2020-05-24	0.0440725621986863	1.01917897327273	0.880909090909091	0.781550649350649	0.260546933922078	0.539282767064935	0.0009090909090909	0.50035064935065	0	0.479896206207795	0.88	0.281199999999999	0.260546933922078
WT	2020-05-31	0.0506340734270367	1.18465203306494	0.620909090909091	0.740350649350649	0.260546933922078	0.542144096064935	0.620909090909091	0.50105064935065	0	0.642507937000005	0	0.239299999999999	0.260546933922078
WT	2020-06-07	0.0577884093828353	1.08079486906493	0.900909090909091	0.740350649350649	0.0949928899220779	0.623051020415584	0.620909090909091	0.527350649350649	0.0086242529220779	0.457743848649346	0.28	0.213	0.086368637
WT	2020-06-14	0.0658165674020525	0.741206035064935	1.63090909090909	0.740350649350649	0.0949928899220779	0.699062284064935	0.620909090909091	0.527350649350649	0.0003765469220779	0.042143751	1.01	0.213	0.094616343
WT	2020-06-21	0.0747520640732224	0.73934084	1.63090909090909	0.740350649350649	0.0257302439220779	0.699062284064935	0.620909090909091	0.563650649350649	0.0003765469220779	0.040278555935065	1.01	0.1767	0.025353697
WT	2020-06-28	0.0849187451298766	0.73934084	1.63090909090909	0.740350649350649	0.260546933922078	0.732805071727273	0.620909090909091	0.563650649350649	0	0.00653576827272695	1.01	0.1767	0.260546933922078
WT	2020-07-05	0.0962289090084784	0.737699705064935	1.63090909090909	0.740350649350649	0.260546933922078	0.711204186064935	0.620909090909091	0.563650649350649	0.0086242529220779	0.026495519	1.01	0.1767	0.251922681
WT	2020-07-12	0.108712681422382	1.38132795793506	1.63090909090909	0.781550649350649	0.260546933922078	0.699062284064935	0.620909090909091	0.563650649350649	0	0.682265673870125	1.01	0.2179	0.260546933922078
WT	2020-07-19	0.122356259894192	1.38149116019481	1.63090909090909	0.689350649350649	0.260546933922078	0.699062284064935	1.63090909090909	0.689350649350649	0.0086242529220779	0.682428876129875	0	0	0.251922681
WT	2020-07-26	0.137248701553381	1.38352409706493	1.63090909090909	0.638450649350649	0.260546933922078	0.594188096727273	1.63090909090909	0.563650649350649	0.0086242529220779	0.789336000337657	0	0.0748	0.251922681
WT	2020-08-02	0.152890215371719	0.947147337727273	0.880909090909091	0.740350649350649	0.260546933922078	0.733755457064935	0.620909090909091	0.685350649350649	0.0086242529220779	0.213391880662338	0.26	0.0549999999999999	0.251922681
WT	2020-08-09	0.168955658572995	3.27621007583117	1.63090909090909	0.781550649350649	0.342005953922078	0.755103586064935	1.63090909090909	0.685350649350649	0.0086242529220779	2.52110648976624	0	0.0962	0.333381701
WT	2020-08-16	0.184942031546973	1.96033544906494	1.63090909090909	0.689350649350649	0.365414853922078	0.920555685064935	1.63090909090909	0.685350649350649	0.0118509499220779	1.03977976400001	0	0.004	0.353563904
WT	2020-08-23	0.201065042801596	1.05631791506493	1.63090909090909	0.689350649350649	0.260546933922078	0.920555685064935	1.63090909090909	0.685350649350649	0.260546933922078	0.135762229999995	0	0.004	0
WT	2020-08-30	0.217482950986339	2.89527947483117	1.63090909090909	0.685350649350649	0.365414853922078	0.897517341064935	1.63090909090909	0.50105064935065	0.0118509499220779	1.99776213376623	0	0.184299999999999	0.353563904
WT	2020-09-06	0.234288431135776	1.05631791506493	1.63090909090909	0.689350649350649	0.260546933922078	0.915086559064935	1.63090909090909	0.563650649350649	0.260546933922078	0.141231355999995	0	0.1257	0
WT	2020-09-13	0.251701561421753	1.14836868106493	1.63090909090909	0.689350649350649	0.260546933922078	1.14836868106493	1.63090909090909	0.563650649350649	0.0335563719220779	0	0	0.1257	0.226990562
WT	2020-09-20	0.269477863537581	1.36912021906493	1.63090909090909	0.689350649350649	0.260546933922078	1.14836868106493	1.63090909090909	0.50545064935065	0.0944077995324675	0.220751538	0	0.183899999999999	0.166139134389611
WT	2020-09-27	0.287762101124902	1.36912021906493	1.63090909090909	0.921450649350649	0.260546933922078	1.14836868106493	1.63090909090909	0.50545064935065	0.260546933922078	0.220751538	0	0.415999999999999	0
WT	2020-10-04	0.306834658948978	2.89527947483117	1.63090909090909	0.921450649350649	0.342005953922078	1.02154225850103	1.63090909090909	0.658150649350649	0.260546933922078	1.87373721633014	0	0.2633	0.08145902
WT	2020-10-11	0.327325768843035	1.38132795793506	1.63090909090909	0.921450649350649	0.260546933922078	1.22368266720779	1.63090909090909	0.563650649350649	0.260546933922078	0.15764529072727	0	0.3578	0
WT	2020-10-18	0.350551768306467	2.14739679062338	1.63090909090909	0.685350649350649	0.365414853922078	1.22584637420779	0.880909090909091	0.563650649350649	0.260546933922078	0.92155041641559	0.749999999999999	0.1217	0.10486792
WT	2020-10-25	0.377106708810082	2.89527947483117	1.63090909090909	0.685350649350649	0.365414853922078	1.96033544906494	0.880909090909091	0.563650649350649	0.365414853922078	0.93494402576623	0.749999999999999	0.1217	0
WT	2020-11-01	0.407189635202304	2.89527947483117	1.63090909090909	0.689350649350649	0.342005953922078	2.89527947483117	0.880909090909091	0.598650649350649	0.342005953922078	0	0.749999999999999	0.0907	0
WT	2020-11-08	0.439806669824025	1.96033544906494	1.63090909090909	0.685350649350649	0.365414853922078	1.96033544906494	0.880909090909091	0.563650649350649	0.365414853922078	0	0.749999999999999	0.1217	0
WT	2020-11-15	0.473410340668171	1.96033544906494	1.63090909090909	0.685350649350649	0.365414853922078	1.96033544906494	0.880909090909091	0.598650649350649	0.365414853922078	0	0.749999999999999	0.0867	0
WT	2020-11-22	0.507430340269146	3.02383634983117	1.63090909090909	0.921450649350649	0.365414853922078	2.14739679062338	0.880909090909091	0.598650649350649	0.365414853922078	0.87643955920779	0.749999999999999	0.3228	0
WT	2020-11-29	0.541642980945069	2.14739679062338	1.63090909090909	0.685350649350649	0.365414853922078	2.14739679062338	0.970909090909091	0.598650649350649	0.365414853922078	0	0.659999999999999	0.0867	0
WT	2020-12-06	0.576966608008618	2.89527947483117	1.63090909090909	0.91805064935065	0.365414853922078	2.89527947483117	0.970909090909091	0.632250649350649	0.365414853922078	0	0.659999999999999	0.285800000000001	0
WT	2020-12-13	0.611393811211892	2.89527947483117	1.63090909090909	0.685350649350649	0.365414853922078	2.89527947483117	0.900909090909091	0.632250649350649	0.365414853922078	0	0.729999999999999	0.0531	0
WT	2020-12-20	0.642545405577149	2.89527947483117	1.63090909090909	0.921450649350649	0.365414853922078	2.89527947483117	0.970909090909091	0.632250649350649	0.365414853922078	0	0.659999999999999	0.2892	0
WT	2020-12-27	0.673723403039022	3.13081848883117	1.63090909090909	0.921450649350649	0.365414853922078	2.89527947483117	0.970909090909091	0.638450649350649	0.365414853922078	0.235539014	0.659999999999999	0.283	0
WT	2021-01-03	0.703897193093654	3.14868592283117	1.63090909090909	0.685350649350649	0.365414853922078	2.89527947483117	0.970909090909091	0.638450649350649	0.365414853922078	0.253406448	0.659999999999999	0.0469000000000001	0
WT	2021-01-10	0.735328697599812	3.18803458183117	0.970909090909091	0.826750649350649	0.365414853922078	2.89527947483117	0.970909090909091	0.638450649350649	0.365414853922078	0.292755107	0	0.1883	0
WT	2021-01-17	0.764614500591222	3.18803458183117	1.63090909090909	0.685350649350649	0.365414853922078	2.89527947483117	0.970909090909091	0.638450649350649	0.365414853922078	0.292755107	0.659999999999999	0.0469000000000001	0
WT	2021-01-24	0.789604179154405	3.18803458183117	1.63090909090909	1.15665064935065	0.365414853922078	3.15383343383117	0.970909090909091	1.15665064935065	0.365414853922078	0.0342011479999997	0.659999999999999	0	0
WT	2021-01-31	0.806841961135029	3.18803458183117	1.63090909090909	1.15665064935065	0.365414853922078	3.15383343383117	0.900909090909091	1.15665064935065	0.365414853922078	0.0342011479999997	0.729999999999999	0	0
WT	2021-02-07	0.822823199339042	3.25652482283117	1.21090909090909	1.15665064935065	0.365414853922078	3.15383343383117	0.900909090909091	1.15665064935065	0.365414853922078	0.102691389	0.309999999999999	0	0
WT	2021-02-14	0.835231382173922	3.33452003118182	0.970909090909091	1.15665064935065	0.371070084922078	3.18803458183117	0.900909090909091	1.15665064935065	0.371070084922078	0.14648544935065	0.0700000000000001	0	0
WT	2021-02-21	0.845237251463982	3.22756810383117	1.21090909090909	1.15665064935065	0.371070084922078	3.18803458183117	1.21090909090909	1.15665064935065	0.371070084922078	0.0395335220000002	0	0	0
WT	2021-02-28	0.854434157325655	3.25652482283117	0.970909090909091	1.15665064935065	0.365414853922078	3.18583036983117	0.900909090909091	1.15665064935065	0.365414853922078	0.0706944530000002	0.0700000000000001	0	0
WT	2021-03-07	0.863130897044671	3.22339512983117	0.970909090909091	1.15665064935065	0.371070084922078	3.18803458183117	0.900909090909091	1.15665064935065	0.371070084922078	0.0353605479999999	0.0700000000000001	0	0
WT	2021-03-14	0.870879967849828	3.27621007583117	1.63090909090909	1.15665064935065	0.371070084922078	3.18583036983117	1.21090909090909	1.15665064935065	0.371070084922078	0.0903797060000002	0.42	0	0
WT	2021-03-21	0.878654344171937	3.20061328783117	1.21090909090909	1.15665064935065	0.371070084922078	3.19509032083117	1.21090909090909	1.15665064935065	0.371070084922078	0.0055229670000001	0	0	0
WT	2021-03-28	0.886802783450613	3.35852646583117	1.21090909090909	1.15665064935065	0.371070084922078	3.35852646583117	1.21090909090909	1.15665064935065	0.365414853922078	0	0	0	0.00565523099999998
WT	2021-04-04	0.896255625060516	3.36719082183117	1.21090909090909	1.15665064935065	0.371070084922078	3.35852646583117	1.21090909090909	1.15665064935065	0.365414853922078	0.00866435600000015	0	0	0.00565523099999998
WT	2021-04-11	0.906419989048229	3.36719082183117	1.21090909090909	1.15665064935065	0.371070084922078	3.35852646583117	1.21090909090909	1.15665064935065	0.365414853922078	0.00866435600000015	0	0	0.00565523099999998
WT	2021-04-25	0.925778448467758	3.36719082183117	1.21090909090909	1.15665064935065	0.371070084922078	3.29066079183117	1.21090909090909	1.15665064935065	0.365414853922078	0.0765300300000002	0	0	0.00565523099999998
WT	2021-05-02	0.935318635462346	3.49325047283117	1.21090909090909	1.48375064935065	0.371070084922078	3.27621007583117	1.21090909090909	1.15665064935065	0.365414853922078	0.217040397	0	0.3271	0.00565523099999998
WT	2021-05-09	0.943785044803552	3.55046168683117	1.21090909090909	1.15665064935065	0.371070084922078	3.55046168683117	1.21090909090909	1.15665064935065	0.365414853922078	0	0	0	0.00565523099999998
WT	2021-05-16	0.950844627656636	3.68035773983117	1.21090909090909	1.48375064935065	0.371070084922078	3.68035773983117	1.21090909090909	1.48375064935065	0.365414853922078	0	0	0	0.00565523099999998
WT	2021-05-23	0.956925641513222	3.55046168683117	1.21090909090909	1.48375064935065	0.371070084922078	3.55046168683117	1.21090909090909	1.48375064935065	0.365414853922078	0	0	0	0.00565523099999998
WT	2021-05-30	0.96175908935339	3.55046168683117	1.21090909090909	1.32585064935065	0.371070084922078	3.55046168683117	1.21090909090909	0.735450649350649	0.365414853922078	0	0	0.590400000000001	0.00565523099999998
WT	2021-06-06	0.966181081039943	3.55046168683117	1.21090909090909	1.48375064935065	0.371070084922078	3.55046168683117	1.21090909090909	1.48375064935065	0.365414853922078	0	0	0	0.00565523099999998
WT	2021-06-13	0.970182320703055	3.68035773983117	1.21090909090909	1.48375064935065	0.365414853922078	3.68035773983117	1.21090909090909	1.48375064935065	0.344769450922078	0	0	0	0.020645403
WT	2021-06-20	0.974291133519919	3.68035773983117	1.21090909090909	1.48375064935065	0.385841311922078	3.68035773983117	1.21090909090909	1.48375064935065	0.385841311922078	0	0	0	0
WT	2021-06-27	0.977486644420581	3.68035773983117	1.21090909090909	1.48375064935065	0.385841311922078	3.68035773983117	1.21090909090909	1.48375064935065	0.385841311922078	0	0	0	0
WT	2021-07-04	0.980481174033874	3.68035773983117	1.21090909090909	1.32585064935065	0.385841311922078	3.55046168683117	1.21090909090909	0.541950649350649	0.365414853922078	0.129896053	0	0.783900000000001	0.020426458
WT	2021-07-11	0.982970177064692	3.68035773983117	1.21090909090909	1.48375064935065	0.385841311922078	3.55046168683117	1.21090909090909	0.50735064935065	0.342005953922078	0.129896053	0	0.9764	0.043835358
WT	2021-07-18	0.985886936870902	3.74197847883117	1.21090909090909	1.48375064935065	0.385841311922078	3.74197847883117	1.21090909090909	0.541950649350649	0.342005953922078	0	0	0.941800000000001	0.043835358
WT	2021-07-25	0.987582943451297	3.74197847883117	1.21090909090909	1.48375064935065	0.385841311922078	0	0	0	0	3.74197847883117	1.21090909090909	1.48375064935065	0.385841311922078
WT	2021-08-01	0.988857939882002	3.74197847883117	1.21090909090909	1.48375064935065	0.385841311922078	0	0	0	0	3.74197847883117	1.21090909090909	1.48375064935065	0.385841311922078
WT	2021-08-08	0.991582202239348	3.74197847883117	1.21090909090909	1.48375064935065	0.385841311922078	0	0	0	0	3.74197847883117	1.21090909090909	1.48375064935065	0.385841311922078
WT	2021-08-15	0.992847255769639	3.74197847883117	1.21090909090909	1.48375064935065	0.385841311922078	0	0	0	0	3.74197847883117	1.21090909090909	1.48375064935065	0.385841311922078
WT	2021-08-29	0.995343231922287	3.74197847883117	1.21090909090909	1.48375064935065	0.385841311922078	0	0	0	0	3.74197847883117	1.21090909090909	1.48375064935065	0.385841311922078
WT	2021-09-12	0.995977723498825	3.74197847883117	1.21090909090909	0.884750649350649	0.385841311922078	0	0	0	0	3.74197847883117	1.21090909090909	0.884750649350649	0.385841311922078
WT	2021-09-19	0.996229440429615	3.74197847883117	1.21090909090909	0.884750649350649	0.385841311922078	0	0	0	0	3.74197847883117	1.21090909090909	0.884750649350649	0.385841311922078
WT	2021-04-18	0.916186691603811	3.36719082183117	1.21090909090909	1.15665064935065	0.371070084922078	3.35852646583117	1.21090909090909	1.15665064935065	0.365414853922078	0.00866435600000015	0	0	0.00565523099999998
WT	2021-08-22	0.994860972306211	3.74197847883117	1.21090909090909	1.48375064935065	0.385841311922078	0	0	0	0	3.74197847883117	1.21090909090909	1.48375064935065	0.385841311922078
WT	2021-09-05	0.995707579563036	3.74197847883117	1.21090909090909	1.32645064935065	0.385841311922078	0	0	0	0	3.74197847883117	1.21090909090909	1.32645064935065	0.385841311922078
Alpha	2020-11-15	0.0030841097687274	0.376884772504174	0.202621035058431	0.439406176961603	0.0237711184674457	0.268277225196995	0.0019532554257095	0.254497996661102	0	0.108607547307179	0.200667779632721	0.184908180300501	0.0237711184674457
Alpha	2020-11-22	0.005215635738535	0.376884772504174	0.202621035058431	0.355083639398998	0.0237711184674457	0.201338985928214	0.0019532554257095	0.254497996661102	0	0.17554578657596	0.200667779632721	0.100585642737896	0.0237711184674457
Alpha	2020-11-29	0.0078501829004251	0.393579830928214	0.202621035058431	0.338383639398998	0.0237711184674457	0.393579830928214	0.0019532554257095	0.254497996661102	0	0	0.200667779632721	0.083885642737896	0.0237711184674457
Alpha	2020-12-06	0.0099417540274917	0.430508204928214	0.202621035058431	0.573683639398999	0.0237711184674457	0.430508204928214	0.0019532554257095	0.254497996661102	3.94384974958264E-05	0	0.200667779632721	0.319185642737897	0.0237316799699499
Alpha	2020-12-13	0.016507335642114	0.690479318928213	0.202621035058431	0.443883639398998	0.0237711184674457	0.690479318928213	0.0019532554257095	0.419783639398998	0.0036280189599332	0	0.200667779632721	0.0241	0.0201430995075125
Alpha	2020-12-20	0.0287266010065659	0.430508204928214	0.22195325542571	0.573683639398999	0.333814023497496	0.430508204928214	0.22195325542571	0.573683639398999	0.0409526044974958	0	0	0	0.292861419
Alpha	2020-12-27	0.0401159929906239	0.690479318928213	0.22195325542571	0.573683639398999	0.0905458614974958	0.430508204928214	0.22195325542571	0.573683639398999	0.0905458614974958	0.259971113999999	0	0	0
Alpha	2021-01-03	0.0558329636913635	0.720981502263773	0.22195325542571	0.573683639398999	0.333814023497496	0.720981502263773	0.22195325542571	0.573683639398999	0.333814023497496	0	0	0	0
Alpha	2021-01-10	0.0729970554567519	0.861822904928214	0.202621035058431	0.698883639398999	0.333814023497496	0.672000812928214	0.14195325542571	0.698883639398999	0.0905458614974958	0.189822092	0.060667779632721	0	0.243268162
Alpha	2021-01-17	0.0941532921113684	0.720981502263773	0.22195325542571	0.573683639398999	0.333814023497496	0.720981502263773	0.22195325542571	0.573683639398999	0.333814023497496	0	0	0	0
Alpha	2021-01-24	0.116574843904662	0.720981502263773	0.26195325542571	0.698883639398999	0.333814023497496	0.720981502263773	0.26195325542571	0.573683639398999	0.333814023497496	0	0	0.1252	0
Alpha	2021-01-31	0.144327018273863	0.720981502263773	0.26195325542571	0.731683639398998	0.333814023497496	0.720981502263773	0.26195325542571	0.573683639398999	0.333814023497496	0	0	0.157999999999999	0
Alpha	2021-02-07	0.166337536864871	0.720981502263773	0.26195325542571	0.731683639398998	0.333814023497496	0.720981502263773	0.26195325542571	0.573683639398999	0.333814023497496	0	0	0.157999999999999	0
Alpha	2021-02-14	0.188130339499306	0.829438995263773	0.32195325542571	0.731683639398998	0.333814023497496	0.829438995263773	0.32195325542571	0.639183639398999	0.333814023497496	0	0	0.092499999999999	0
Alpha	2021-02-21	0.211756074600579	0.720981502263773	0.32195325542571	0.731683639398998	0.333814023497496	0.720981502263773	0.32195325542571	0.731683639398998	0.333814023497496	0	0	0	0
Alpha	2021-02-28	0.23699623002629	0.801254678928214	0.32195325542571	0.915483639398999	0.333814023497496	0.720981502263773	0.32195325542571	0.731683639398998	0.333814023497496	0.080273176664441	0	0.183800000000001	0
Alpha	2021-03-07	0.26575874398355	0.849566893928214	0.351953255425709	0.731683639398998	0.333814023497496	0.720981502263773	0.26195325542571	0.731683639398998	0.333814023497496	0.128585391664441	0.089999999999999	0	0
Alpha	2021-03-14	0.299585412608674	0.801254678928214	0.351953255425709	0.915483639398999	0.333814023497496	0.801254678928214	0.351953255425709	0.915483639398999	0.333814023497496	0	0	0	0
Alpha	2021-03-21	0.339490225269342	0.849566893928214	0.351953255425709	0.915483639398999	0.333814023497496	0.801254678928214	0.351953255425709	0.915483639398999	0.333814023497496	0.048312215	0	0	0
Alpha	2021-03-28	0.38490902806519	0.849566893928214	0.351953255425709	0.731683639398998	0.333814023497496	0.829438995263773	0.351953255425709	0.731683639398998	0.333814023497496	0.0201278986644411	0	0	0
Alpha	2021-04-04	0.434398834933946	1.102845729399	0.32195325542571	0.731683639398998	0.347851018497496	1.102845729399	0.32195325542571	0.626883639398998	0.347851018497496	0	0	0.1048	0
Alpha	2021-04-11	0.48968683963499	1.102845729399	0.32195325542571	0.915483639398999	0.347851018497496	1.102845729399	0.26195325542571	0.915483639398999	0.347851018497496	0	0.06	0	0
Alpha	2021-04-18	0.553729667813975	1.102845729399	0.32195325542571	0.915483639398999	0.347851018497496	1.102845729399	0.26195325542571	0.915483639398999	0.347851018497496	0	0.06	0	0
Alpha	2021-04-25	0.623139986518016	1.102845729399	0.351953255425709	0.915483639398999	0.347851018497496	1.102845729399	0.22195325542571	0.915483639398999	0.347851018497496	0	0.129999999999999	0	0
Alpha	2021-05-02	0.693154341670314	1.102845729399	0.351953255425709	0.915483639398999	0.347851018497496	1.102845729399	0.22195325542571	0.915483639398999	0.347851018497496	0	0.129999999999999	0	0
Alpha	2021-05-09	0.758514450859424	1.102845729399	0.351953255425709	0.915483639398999	0.347851018497496	1.102845729399	0.14195325542571	0.915483639398999	0.347851018497496	0	0.209999999999999	0	0
Alpha	2021-05-16	0.817988594948361	1.102845729399	0.351953255425709	0.915483639398999	0.347851018497496	1.102845729399	0.14195325542571	0.915483639398999	0.347851018497496	0	0.209999999999999	0	0
Alpha	2021-05-23	0.865808138048605	1.102845729399	0.351953255425709	0.915483639398999	0.347851018497496	1.102845729399	0.14195325542571	0.731683639398998	0.347851018497496	0	0.209999999999999	0.183800000000001	0
Alpha	2021-05-30	0.901282248537643	1.102845729399	0.32195325542571	0.915483639398999	0.347851018497496	1.102845729399	0.14195325542571	0.731683639398998	0.347851018497496	0	0.18	0.183800000000001	0
Alpha	2021-06-06	0.926524642878857	1.102845729399	0.32195325542571	0.915483639398999	0.347851018497496	1.102845729399	0.14195325542571	0.731683639398998	0.347851018497496	0	0.18	0.183800000000001	0
Alpha	2021-06-13	0.94631877122949	1.102845729399	0.32195325542571	0.915483639398999	0.347851018497496	1.102845729399	0.0319532554257095	0.731683639398998	0.347851018497496	0	0.290000000000001	0.183800000000001	0
Alpha	2021-06-20	0.962099040937448	1.292399137399	0.351953255425709	0.915483639398999	0.347851018497496	0.632297676928214	0.351953255425709	0.731683639398998	0.333814023497496	0.660101460470786	0	0.183800000000001	0.014036995
Alpha	2021-06-27	0.972412737601316	1.292399137399	0.351953255425709	0.915483639398999	0.347851018497496	0	0	0	0	1.292399137399	0.351953255425709	0.915483639398999	0.347851018497496
Alpha	2021-07-04	0.97957974372791	1.292399137399	0.351953255425709	0.915483639398999	0.347851018497496	0	0	0	0	1.292399137399	0.351953255425709	0.915483639398999	0.347851018497496
Alpha	2021-07-11	0.985466990992442	1.292399137399	0.351953255425709	0.915483639398999	0.347851018497496	0	0	0	0	1.292399137399	0.351953255425709	0.915483639398999	0.347851018497496
Alpha	2021-07-18	0.990093034428592	1.292399137399	0.351953255425709	0.731683639398998	0.347851018497496	0	0	0	0	1.292399137399	0.351953255425709	0.731683639398998	0.347851018497496
Alpha	2021-07-25	0.993216078878003	1.292399137399	0.351953255425709	0.915483639398999	0.347851018497496	0	0	0	0	1.292399137399	0.351953255425709	0.915483639398999	0.347851018497496
Alpha	2021-08-01	0.995514373395229	1.292399137399	0.351953255425709	0.731683639398998	0.347851018497496	0	0	0	0	1.292399137399	0.351953255425709	0.731683639398998	0.347851018497496
Alpha	2021-08-08	0.996644936139659	1.292399137399	0.28195325542571	0.573683639398999	0.347851018497496	0	0	0	0	1.292399137399	0.28195325542571	0.573683639398999	0.347851018497496
Alpha	2021-08-15	0.998618148165963	0.672551404928214	0.28195325542571	0.731683639398998	0.333814023497496	0	0	0	0	0.672551404928214	0.28195325542571	0.731683639398998	0.333814023497496
Alpha	2021-08-22	0.999093303068541	1.292399137399	0.28195325542571	0.639183639398999	0.347851018497496	0	0	0	0	1.292399137399	0.28195325542571	0.639183639398999	0.347851018497496
Delta	2021-03-14	0.0007087624388492	1.02160651094647	0.276758104738155	0.695081393877116	0.076489448798005	0.762852686295363	0.0060847880299251	0.257337008981306	0	0.258753824651107	0.27067331670823	0.43774438489581	0.076489448798005
Delta	2021-03-21	0.0007650231192402	1.17356559417207	0.0060847880299251	0.704617456359102	0.001985196127182	0.845836393543642	0.0060847880299251	0.271737465546659	0	0.327729200628428	0	0.432879990812443	0.001985196127182
Delta	2021-03-28	0.0008146509601215	1.37564390427681	0.0060847880299251	0.271737465546659	0	0.58016815490218	0.0060847880299251	0.248128034608909	0	0.79547574937463	0	0.02360943093775	0
Delta	2021-04-04	0.0009328208655486	1.32404881048629	0.276084788029925	0.433717456359102	0.130001205127182	0.58016815490218	0.0060847880299251	0.248128034608909	0	0.74388065558411	0.27	0.185589421750193	0.130001205127182
Delta	2021-04-11	0.0012799999594956	1.85149026621446	0.0060847880299251	0.507717456359102	0.130001205127182	0.845836393543642	0.0060847880299251	0.248128034608909	0	1.00565387267082	0	0.259589421750193	0.130001205127182
Delta	2021-04-18	0.0019251209995809	1.32404881048629	0.166084788029925	0.535217456359102	0.076297781127182	1.03349791548629	0.0060847880299251	0.248128034608909	0	0.290550895	0.16	0.287089421750193	0.076297781127182
Delta	2021-04-25	0.0031753498133228	1.1247636243591	0.276084788029925	0.649817456359102	0.130001205127182	1.04007423957855	0.0060847880299251	0.278617456359102	0	0.0846893847805499	0.27	0.3712	0.130001205127182
Delta	2021-05-02	0.0048255494650185	1.33069269377556	0.166084788029925	0.508017456359102	0.134640631127182	1.03349791548629	0.0060847880299251	0.508017456359102	0	0.29719477828927	0.16	0	0.134640631127182
Delta	2021-05-09	0.0075729324836169	1.33069269377556	0.166084788029925	0.599317456359102	0.333393327127182	1.10151349837905	0.0060847880299251	0.508017456359102	0	0.22917919539651	0.16	0.0913	0.333393327127182
Delta	2021-05-16	0.0105971715978155	1.16403279361596	0.247281795511222	0.599317456359102	0.130001205127182	1.03349791548629	0.0060847880299251	0.462317456359102	0.076297781127182	0.13053487812967	0.241197007481297	0.137	0.053703424
Delta	2021-05-23	0.0154084149774878	1.32404881048629	0.166084788029925	0.649817456359102	0.130001205127182	1.22376780437905	0.0060847880299251	0.647417456359102	0.130001205127182	0.10028100610724	0.16	0.00240000000000007	0
Delta	2021-05-30	0.0231531633858684	1.32404881048629	1.05608478802992	0.806417456359102	0.130001205127182	1.07524483638404	0.0960847880299252	0.649817456359102	0.076489448798005	0.24880397410225	0.959999999999995	0.1566	0.053511756329177
Delta	2021-06-06	0.032392351618067	1.32404881048629	0.276758104738155	0.806417456359102	0.130001205127182	1.07524483638404	0.276758104738155	0.806417456359102	0.128254910127182	0.24880397410225	0	0	0.00174629500000001
Delta	2021-06-13	0.0420818633218507	1.32404881048629	0.276758104738155	0.806417456359102	0.134640631127182	1.2148090765611	0.276758104738155	0.806417456359102	0.130001205127182	0.10923973392519	0	0	0.004639426
Delta	2021-06-20	0.0527983234498841	1.85149026621446	1.05608478802992	0.753217456359102	0.130001205127182	1.08038618194015	0.276758104738155	0.753217456359102	0.130001205127182	0.77110408427431	0.779326683291765	0	0
Delta	2021-06-27	0.0680415121777466	1.85149026621446	1.05608478802992	0.806417456359102	0.130001205127182	1.05512211290773	0.276758104738155	0.806417456359102	0.128254910127182	0.79636815330673	0.779326683291765	0	0.00174629500000001
Delta	2021-07-04	0.0876468759394746	1.32404881048629	1.05608478802992	0.806417456359102	0.130001205127182	1.28530556054115	0.276758104738155	0.806417456359102	0.130001205127182	0.0387432499451399	0.779326683291765	0	0
Delta	2021-07-11	0.11159989087346	1.85149026621446	1.05608478802992	0.806417456359102	0.134640631127182	1.28530556054115	0.276758104738155	0.806417456359102	0.130001205127182	0.56618470567331	0.779326683291765	0	0.004639426
Delta	2021-07-18	0.138933930325116	1.85149026621446	1.05608478802992	0.806417456359102	0.134640631127182	1.28530556054115	0.166084788029925	0.806417456359102	0.128254910127182	0.56618470567331	0.889999999999995	0	0.00638572100000001
Delta	2021-07-25	0.171144366241067	1.28530556054115	1.05608478802992	0.806417456359102	0.134640631127182	1.28530556054115	0.166084788029925	0.806417456359102	0.130001205127182	0	0.889999999999995	0	0.004639426
Delta	2021-08-01	0.206847933608368	1.4967356292394	1.05608478802992	0.806417456359102	0.130001205127182	1.28530556054115	0.866084788029925	0.806417456359102	0.128254910127182	0.21143006869825	0.189999999999995	0	0.00174629500000001
Delta	2021-08-08	0.244038357419119	1.85149026621446	1.05608478802992	0.806417456359102	0.134640631127182	1.17477609461596	0.166084788029925	0.806417456359102	0.130001205127182	0.6767141715985	0.889999999999995	0	0.004639426
Delta	2021-08-15	0.283753123445761	1.28530556054115	1.05608478802992	0.806417456359102	0.134640631127182	1.17477609461596	0.866084788029925	0.806417456359102	0.130001205127182	0.11052946592519	0.189999999999995	0	0.004639426
Delta	2021-08-22	0.323999739155284	1.85149026621446	0.866084788029925	0.806417456359102	0.134640631127182	1.25484939440399	0.866084788029925	0.806417456359102	0.130001205127182	0.59664087181047	0	0	0.004639426
Delta	2021-08-29	0.365476009058697	1.34956867040399	1.05608478802992	0.806417456359102	0.130001205127182	1.34956867040399	0.866084788029925	0.806417456359102	0.130001205127182	0	0.189999999999995	0	0
Delta	2021-09-05	0.405069965431427	1.34956867040399	1.05608478802992	0.806417456359102	0.134640631127182	1.34956867040399	0.866084788029925	0.806417456359102	0.134640631127182	0	0.189999999999995	0	0
Delta	2021-09-12	0.442062512962426	1.34956867040399	1.05608478802992	0.806417456359102	0.134640631127182	1.34956867040399	0.866084788029925	0.806417456359102	0.134640631127182	0	0.189999999999995	0	0
Delta	2021-09-19	0.476441458223097	1.34261562840399	0.866084788029925	0.806417456359102	0.134640631127182	1.34261562840399	0.866084788029925	0.806417456359102	0.134640631127182	0	0	0	0
Delta	2021-09-26	0.508350768925747	1.34956867040399	0.866084788029925	0.806417456359102	0.134640631127182	1.34956867040399	0.866084788029925	0.806417456359102	0.134640631127182	0	0	0	0
Delta	2021-10-03	0.538053733672049	1.34956867040399	1.05608478802992	0.806417456359102	0.134640631127182	1.34956867040399	0.866084788029925	0.806417456359102	0.134640631127182	0	0.189999999999995	0	0
Delta	2021-10-10	0.565892129473635	1.34261562840399	0.866084788029925	0.806417456359102	0.134640631127182	1.34261562840399	0.866084788029925	0.806417456359102	0.134640631127182	0	0	0	0
Delta	2021-10-17	0.593410932596214	1.34956867040399	1.05608478802992	0.806417456359102	0.134640631127182	1.34956867040399	0.866084788029925	0.806417456359102	0.134640631127182	0	0.189999999999995	0	0
Delta	2021-10-24	0.621494091547679	1.34956867040399	1.05608478802992	0.806417456359102	0.333393327127182	1.34956867040399	0.866084788029925	0.806417456359102	0.333393327127182	0	0.189999999999995	0	0
Delta	2021-10-31	0.650504521937149	1.34956867040399	1.05608478802992	0.806417456359102	0.134640631127182	1.34956867040399	0.866084788029925	0.806417456359102	0.134640631127182	0	0.189999999999995	0	0
Delta	2021-11-07	0.680992865212409	1.34956867040399	0.866084788029925	0.806417456359102	0.333393327127182	1.34956867040399	0.866084788029925	0.806417456359102	0.333393327127182	0	0	0	0
Delta	2021-11-14	0.713780976042948	1.34956867040399	0.866084788029925	0.806417456359102	0.333393327127182	1.34956867040399	0.866084788029925	0.806417456359102	0.333393327127182	0	0	0	0
Delta	2021-11-21	0.749249206390414	1.34956867040399	0.866084788029925	0.806417456359102	0.333393327127182	1.28530556054115	0.866084788029925	0.806417456359102	0.333393327127182	0.0642631098628399	0	0	0
Delta	2021-11-28	0.787068055751177	1.34956867040399	1.05608478802992	0.806417456359102	0.333393327127182	1.28530556054115	0.866084788029925	0.806417456359102	0.333393327127182	0.0642631098628399	0.189999999999995	0	0
Delta	2021-12-05	0.826093233959203	1.4967356292394	1.05608478802992	0.806417456359102	0.333393327127182	1.28530556054115	0.166084788029925	0.806417456359102	0.333393327127182	0.21143006869825	0.889999999999995	0	0
Delta	2021-12-12	0.865829628454391	1.34956867040399	1.05608478802992	0.806417456359102	0.333393327127182	0	0	0	0	1.34956867040399	1.05608478802992	0.806417456359102	0.333393327127182
Delta	2021-12-19	0.903823310804001	1.34956867040399	1.05608478802992	0.806417456359102	0.333393327127182	0	0	0	0	1.34956867040399	1.05608478802992	0.806417456359102	0.333393327127182
Delta	2021-12-26	0.936821709885139	1.34956867040399	0.866084788029925	0.806417456359102	0.333393327127182	0	0	0	0	1.34956867040399	0.866084788029925	0.806417456359102	0.333393327127182
Delta	2022-01-02	0.963793580536612	1.34956867040399	1.05608478802992	0.806417456359102	0.333393327127182	0	0	0	0	1.34956867040399	1.05608478802992	0.806417456359102	0.333393327127182
Delta	2022-01-09	0.982690244461303	1.3694952948803	0.866084788029925	0.806417456359102	0.333393327127182	0	0	0	0	1.3694952948803	0.866084788029925	0.806417456359102	0.333393327127182
Delta	2022-01-16	0.991750170460828	1.3694952948803	0.866084788029925	0.806417456359102	0.333393327127182	0	0	0	0	1.3694952948803	0.866084788029925	0.806417456359102	0.333393327127182
Delta	2022-01-23	0.995906592074102	1.34261562840399	0.866084788029925	0.806417456359102	0.134640631127182	0	0	0	0	1.34261562840399	0.866084788029925	0.806417456359102	0.134640631127182
Delta	2022-01-30	0.997957072180471	1.33069269377556	0.166084788029925	0.806417456359102	0.333393327127182	0	0	0	0	1.33069269377556	0.166084788029925	0.806417456359102	0.333393327127182
Delta	2022-02-06	0.998915808652015	1.30095771240399	0.866084788029925	0.806417456359102	0.333393327127182	0	0	0	0	1.30095771240399	0.866084788029925	0.806417456359102	0.333393327127182
BA.1	2021-11-28	0.0002573586411643	1.33848934542114	0.161267792284284	0.281816666666667	0.0175391933826773	0.621762993932478	0.161267792284284	0.281816666666667	0.0175391933826773	0.716726351488662	0	0	0
BA.1	2021-12-05	0.0005086794447318	4.67840559943169	0.4174043715847	0.655270765027322	0.0827230240437158	0.685025771142075	0.161267792284284	0.281816666666667	0.0175391933826773	3.99337982828961	0.256136579300416	0.373454098360655	0.0651838306610385
BA.1	2021-12-12	0.0017611164832812	4.3327607698142	0.4174043715847	0.281816666666667	0.0902533360437158	0.660220723896174	0.161267792284284	0.281816666666667	0.0175391933826773	3.67254004591803	0.256136579300416	0	0.0727141426610385
BA.1	2021-12-19	0.0085945402617869	4.3327607698142	0.4174043715847	0.287570765027322	0.0902533360437158	1.13988042001093	0.227404371584699	0.287570765027322	0.0680557830437158	3.19288034980327	0.190000000000001	0	0.022197553
BA.1	2021-12-26	0.0335672384297049	4.3327607698142	0.4174043715847	0.287570765027322	0.0902533360437158	1.41362206696175	0.227404371584699	0.287570765027322	0.0680557830437158	2.91913870285245	0.190000000000001	0	0.022197553
BA.1	2022-01-02	0.0900195690873214	4.67840559943169	0.5174043715847	0.655270765027322	0.0902533360437158	1.13988042001093	0.347404371584699	0.373670765027322	0.0680557830437158	3.53852517942076	0.170000000000001	0.2816	0.022197553
BA.1	2022-01-09	0.184119982058643	4.67840559943169	0.7574043715847	0.655270765027322	0.102074978043716	2.15885494147541	0.7574043715847	0.287570765027322	0.0680557830437158	2.51955065795628	0	0.3677	0.0340191950000002
BA.1	2022-01-16	0.314300329724115	4.04047413538251	0.7574043715847	0.655270765027322	0.102074978043716	2.15885494147541	0.7574043715847	0.373670765027322	0.0680557830437158	1.8816191939071	0	0.2816	0.0340191950000002
BA.1	2022-01-23	0.458895095461964	3.01813237604372	0.7574043715847	0.373670765027322	0.102074978043716	1.62612067319126	0.6774043715847	0.373670765027322	0.0680557830437158	1.39201170285246	0.08	0	0.0340191950000002
BA.1	2022-01-30	0.599187493574353	3.01813237604372	0.7574043715847	0.655270765027322	0.102074978043716	1.62612067319126	0.6774043715847	0.373670765027322	0.0680557830437158	1.39201170285246	0.08	0.2816	0.0340191950000002
BA.1	2022-02-06	0.715858179083789	3.01813237604372	0.6774043715847	0.373670765027322	0.102074978043716	2.75935219633333	0.6774043715847	0.373670765027322	0.0680557830437158	0.25878017971039	0	0	0.0340191950000002
BA.1	2022-02-13	0.804897397651677	3.01813237604372	0.7574043715847	0.373670765027322	0.102074978043716	2.75935219633333	0.6774043715847	0.373670765027322	0.0680557830437158	0.25878017971039	0.08	0	0.0340191950000002
BA.1	2022-02-20	0.865301286558198	2.80563376981421	0.7574043715847	0.377970765027322	0.102074978043716	2.75935219633333	0.6774043715847	0.373670765027322	0.0680557830437158	0.0462815734808801	0.08	0.00430000000000003	0.0340191950000002
BA.1	2022-02-27	0.908532232314362	2.75935219633333	0.7574043715847	0.502870765027322	0.102074978043716	2.75935219633333	0.6774043715847	0.373670765027322	0.0438886260437158	0	0.08	0.1292	0.0581863520000002
BA.1	2022-03-06	0.938459487567132	2.75935219633333	0.7574043715847	0.502870765027322	0.0902533360437158	1.1128242122459	0.6774043715847	0.373670765027322	0.0680557830437158	1.64652798408743	0.08	0.1292	0.022197553
BA.1	2022-03-13	0.960543240070972	2.75935219633333	0.7574043715847	0.502870765027322	0.0902533360437158	1.01983853457923	0.6774043715847	0.287570765027322	0.0680557830437158	1.7395136617541	0.08	0.2153	0.022197553
BA.1	2022-03-20	0.974839600265468	2.75935219633333	0.6774043715847	0.377970765027322	0.0680557830437158	0	0	0	0	2.75935219633333	0.6774043715847	0.377970765027322	0.0680557830437158
BA.1	2022-03-27	0.984544042256256	2.75935219633333	0.7574043715847	0.377970765027322	0.0680557830437158	0	0	0	0	2.75935219633333	0.7574043715847	0.377970765027322	0.0680557830437158
BA.1	2022-04-03	0.99093593292821	2.75935219633333	0.7574043715847	0.377970765027322	0.0438886260437158	0	0	0	0	2.75935219633333	0.7574043715847	0.377970765027322	0.0438886260437158
BA.1	2022-04-10	0.995108688960983	2.75935219633333	0.6774043715847	0.502870765027322	0.0680557830437158	0	0	0	0	2.75935219633333	0.6774043715847	0.502870765027322	0.0680557830437158
BA.1	2022-04-17	0.997114635524609	2.75935219633333	0.7574043715847	0.287570765027322	0.0680557830437158	0	0	0	0	2.75935219633333	0.7574043715847	0.287570765027322	0.0680557830437158
BA.1	2022-04-24	0.99808471950222	1.33848934542114	0.6774043715847	0.300470765027323	0.0438886260437158	0	0	0	0	1.33848934542114	0.6774043715847	0.300470765027323	0.0438886260437158
BA.1	2022-05-01	0.998618288443587	1.50393989113115	0.7574043715847	0.377970765027322	0.0680557830437158	0	0	0	0	1.50393989113115	0.7574043715847	0.377970765027322	0.0680557830437158
BA.1	2022-05-08	0.998933307588782	1.62612067319126	0.7574043715847	0.502870765027322	0.102074978043716	0	0	0	0	1.62612067319126	0.7574043715847	0.502870765027322	0.102074978043716
BA.1	2022-05-15	0.99924792436393	2.75935219633333	0.6774043715847	0.287570765027322	0.102074978043716	0	0	0	0	2.75935219633333	0.6774043715847	0.287570765027322	0.102074978043716
BA.2	2021-12-19	0.0001208812404408	2.98288269463774	0.217338129496403	2.35474532374101	0.102068364305755	2.37395794099979	0.217338129496403	2.35474532374101	0	0.60892475363795	0	0	0.102068364305755
BA.2	2021-12-26	0.0005399774537727	4.86209060847482	0.457338129496403	2.32978877697842	0.189862819647482	2.46063204480576	0.217338129496403	2.31692877697842	0	2.40145856366906	0.24	0.0128599999999999	0.189862819647482
BA.2	2022-01-02	0.0027080523817592	3.95593009541727	0.337338129496403	2.35474532374101	0.102068364305755	2.37395794099979	0.217338129496403	2.35474532374101	0	1.58197215441748	0.12	0	0.102068364305755
BA.2	2022-01-09	0.0088197861462221	8.8570780317482	0.657338129496403	2.35474532374101	0.509290018647482	2.37395794099979	0.567338129496403	2.35474532374101	0.013137540647482	6.48312009074841	0.09	0	0.496152478
BA.2	2022-01-16	0.0184836564962861	8.8570780317482	0.337338129496403	2.35942877697842	0.326206751647482	2.27029211264029	0.337338129496403	2.35942877697842	0.013137540647482	6.58678591910791	0	0	0.313069211
BA.2	2022-01-23	0.0351465183533342	8.8570780317482	0.567338129496403	2.39023877697842	0.102068364305755	2.21036897882734	0.567338129496403	2.35942877697842	0.062726671647482	6.64670905292086	0	0.0308099999999998	0.039341692658273
BA.2	2022-01-30	0.0567613527961845	8.8570780317482	0.457338129496403	2.39023877697842	0.102068364305755	2.18599652838129	0.457338129496403	2.35942877697842	0.101113310647482	6.67108150336691	0	0.0308099999999998	0.000955053658273003
BA.2	2022-02-06	0.0857875576684096	8.8570780317482	0.457338129496403	2.39023877697842	0.102068364305755	2.28992345380576	0.457338129496403	2.35942877697842	0.101113310647482	6.56715457794244	0	0.0308099999999998	0.000955053658273003
BA.2	2022-02-13	0.118135895447524	8.8570780317482	0.907338129496403	2.43006877697842	0.102068364305755	3.16012613366187	0.567338129496403	2.35942877697842	0.062726671647482	5.69695189808633	0.34	0.07064	0.039341692658273
BA.2	2022-02-20	0.15928074717059	8.8570780317482	0.567338129496403	2.37888877697842	0.102068364305755	2.26484559838129	0.567338129496403	2.35942877697842	0.101113310647482	6.59223243336691	0	0.01946	0.000955053658273003
BA.2	2022-02-27	0.205908864573029	3.76463891980575	0.567338129496403	2.36312877697842	0.102068364305755	3.16012613366187	0.567338129496403	2.36052877697842	0.101113310647482	0.60451278614388	0	0.00260000000000016	0.000955053658273003
BA.2	2022-03-06	0.265115799467337	3.76463891980575	0.567338129496403	2.43006877697842	0.102068364305755	3.16012613366187	0.567338129496403	2.43006877697842	0.101113310647482	0.60451278614388	0	0	0.000955053658273003
BA.2	2022-03-13	0.337655286859214	3.27706040591367	0.907338129496403	2.51562877697842	0.102068364305755	3.16012613366187	0.907338129496403	2.43006877697842	0.101113310647482	0.1169342722518	0	0.0855599999999996	0.000955053658273003
BA.2	2022-03-20	0.420524995755253	3.27706040591367	0.907338129496403	2.51562877697842	0.102068364305755	3.16012613366187	0.907338129496403	2.51562877697842	0.101113310647482	0.1169342722518	0	0	0.000955053658273003
BA.2	2022-03-27	0.502278263066942	3.76463891980575	0.907338129496403	2.51562877697842	0.102068364305755	3.16012613366187	0.907338129496403	2.51562877697842	0.101113310647482	0.60451278614388	0	0	0.000955053658273003
BA.2	2022-04-03	0.573366977121652	3.76463891980575	0.907338129496403	2.51562877697842	0.102068364305755	3.16012613366187	0.907338129496403	2.51562877697842	0.101113310647482	0.60451278614388	0	0	0.000955053658273003
BA.2	2022-04-10	0.631865764135921	4.26188859047482	0.907338129496403	2.51562877697842	0.102068364305755	3.16012613366187	0.907338129496403	2.51562877697842	0.101113310647482	1.10176245681295	0	0	0.000955053658273003
BA.2	2022-04-17	0.679511404435405	5.49681699447482	0.907338129496403	2.44122877697842	0.495440962647482	3.16012613366187	0.907338129496403	2.44122877697842	0.101113310647482	2.33669086081295	0	0	0.394327652
BA.2	2022-04-24	0.718905989804351	3.76463891980575	0.907338129496403	2.51562877697842	0.101113310647482	3.16012613366187	0.907338129496403	2.51562877697842	0.101113310647482	0.60451278614388	0	0	0
BA.2	2022-05-01	0.752094294288805	3.76463891980575	0.907338129496403	2.51562877697842	0.119568378647482	3.16012613366187	0.907338129496403	2.51562877697842	0.119568378647482	0.60451278614388	0	0	0
BA.2	2022-05-08	0.78216640732289	5.42729322547482	0.907338129496403	2.51562877697842	0.119568378647482	3.16012613366187	0.907338129496403	2.51562877697842	0.119568378647482	2.26716709181295	0	0	0
BA.2	2022-05-15	0.809876598074558	5.61921314547482	0.907338129496403	2.51562877697842	0.481325823647482	3.77327572366187	0.907338129496403	2.51562877697842	0.119568378647482	1.84593742181295	0	0	0.361757445
BA.2	2022-05-22	0.835394341259999	5.42729322547482	0.907338129496403	2.51562877697842	0.169489942647482	5.42729322547482	0.907338129496403	2.51562877697842	0.169489942647482	0	0	0	0
BA.2	2022-05-29	0.857580646857447	5.42729322547482	0.907338129496403	2.51562877697842	0.119568378647482	4.26188859047482	0.907338129496403	2.51562877697842	0.119568378647482	1.165404635	0	0	0
BA.2	2022-06-05	0.876799701572013	5.42729322547482	0.907338129496403	2.58092877697842	0.169489942647482	4.26188859047482	0.907338129496403	2.51562877697842	0.169489942647482	1.165404635	0	0.0653000000000001	0
BA.2	2022-06-12	0.894051130840121	5.42729322547482	0.907338129496403	2.51562877697842	0.169489942647482	4.45294363647482	0.907338129496403	2.51562877697842	0.169489942647482	0.974349589	0	0	0
BA.2	2022-06-19	0.908641774782853	5.42729322547482	0.907338129496403	2.58092877697842	0.495440962647482	4.32181172428777	0.907338129496403	2.51562877697842	0.169489942647482	1.10548150118705	0	0.0653000000000001	0.32595102
BA.2	2022-06-26	0.920494196534698	5.42729322547482	0.907338129496403	2.58092877697842	0.310409773647482	4.45294363647482	0.907338129496403	2.51562877697842	0.169489942647482	0.974349589	0	0.0653000000000001	0.140919831
BA.2	2022-07-03	0.930393399752463	5.42729322547482	0.907338129496403	2.51562877697842	0.310409773647482	4.53175519047482	0.907338129496403	2.51562877697842	0.310409773647482	0.895538035	0	0	0
BA.2	2022-07-10	0.938643005123208	4.56310144947482	0.907338129496403	2.58092877697842	0.169489942647482	4.51286677028777	0.807338129496403	2.51562877697842	0.169489942647482	0.0502346791870494	0.1	0.0653000000000001	0
BA.2	2022-07-17	0.944864414939245	5.42729322547482	0.907338129496403	2.58092877697842	0.307845484647482	4.62149297747482	0.807338129496403	2.48252877697842	0.169489942647482	0.805800248	0.1	0.0983999999999998	0.138355542
BA.2	2022-07-24	0.949071615013943	5.42729322547482	0.907338129496403	2.58092877697842	0.310409773647482	4.81254802347482	0.617338129496403	2.34232877697842	0.310409773647482	0.614745202	0.29	0.2386	0
BA.2	2022-07-31	0.951768828357882	5.42729322547482	0.907338129496403	2.51562877697842	0.310409773647482	5.19208290947482	0.617338129496403	2.12328877697842	0.310409773647482	0.235210316	0.29	0.39234	0
BA.2	2022-08-07	0.953477220952762	5.42729322547482	0.907338129496403	2.51562877697842	0.391248733647482	5.15707229697122	0.617338129496403	2.12328877697842	0.310409773647482	0.270220928503599	0.29	0.39234	0.08083896
BA.2	2022-08-14	0.954647191492965	5.42729322547482	0.807338129496403	2.51562877697842	0.310409773647482	5.19208290947482	0.617338129496403	2.12328877697842	0.310409773647482	0.235210316	0.19	0.39234	0
BA.2	2022-08-21	0.955449618022486	5.29888802647482	0.907338129496403	2.48252877697842	0.495440962647482	5.21963830597122	0.857338129496403	2.21688877697842	0.495440962647482	0.0792497205036007	0.05	0.26564	0
BA.2	2022-08-28	0.956089685441166	5.25599296071942	0.857338129496403	2.48252877697842	0.495440962647482	5.17033115147482	0.857338129496403	2.21688877697842	0.495440962647482	0.0856618092445993	0	0.26564	0
BA.2	2022-09-04	0.95656967964426	5.52421927447482	0.857338129496403	2.48591877697842	0.495440962647482	5.21963830597122	0.857338129496403	2.21688877697842	0.495440962647482	0.304580968503601	0	0.26903	0
BA.2	2022-09-11	0.957066275316253	5.69208220847482	0.857338129496403	2.51562877697842	0.516158981647482	5.23877921980576	0.857338129496403	2.21688877697842	0.495440962647482	0.453302988669059	0	0.29874	0.020718019
BA.2	2022-09-18	0.95762385569293	5.69208220847482	0.857338129496403	2.58092877697842	0.516158981647482	5.52421927447482	0.857338129496403	2.11279877697842	0.495440962647482	0.167862934	0	0.46813	0.020718019
BA.2	2022-09-25	0.958253387598644	5.81696446547482	0.857338129496403	2.48591877697842	0.516158981647482	5.61921314547482	0.857338129496403	2.17438877697842	0.509290018647482	0.19775132	0	0.31153	0.00686896299999995
BA.2	2022-10-02	0.95895304032037	5.69208220847482	0.857338129496403	2.48591877697842	0.516158981647482	5.68603609247482	0.857338129496403	2.21688877697842	0.509290018647482	0.00604611599999938	0	0.26903	0.00686896299999995
BA.2	2022-10-16	0.96071117283749	5.84159463747482	0.857338129496403	2.41748877697842	0.516158981647482	5.83432258447482	0.857338129496403	2.21688877697842	0.512734593647482	0.00727205300000033	0	0.2006	0.003424388
BA.2	2022-10-23	0.96166245787698	5.95214888297122	0.857338129496403	2.48252877697842	0.516158981647482	5.89205852597122	0.857338129496403	2.17438877697842	0.509290018647482	0.060090357	0	0.30814	0.00686896299999995
BA.2	2022-10-30	0.962628501655059	5.90284172847482	1.0773381294964	2.41748877697842	0.529898706647482	5.90284172847482	0.857338129496403	2.21688877697842	0.509290018647482	0	0.219999999999997	0.2006	0.0206086879999999
BA.2	2022-11-06	0.963698462565116	6.0582352327554	1.0773381294964	2.41748877697842	0.547256889647482	5.90284172847482	0.857338129496403	2.35523877697842	0.547256889647482	0.15539350428058	0.219999999999997	0.0622499999999997	0
BA.2	2022-11-13	0.964869327144731	5.96240314047482	0.857338129496403	2.41748877697842	0.547256889647482	5.90284172847482	0.857338129496403	2.21413877697842	0.547256889647482	0.0595614120000008	0	0.20335	0
BA.2	2022-11-20	0.966380551513621	6.19337407747482	1.0773381294964	2.41748877697842	0.547256889647482	5.96000734047482	0.857338129496403	2.36163877697842	0.547256889647482	0.233366737	0.219999999999997	0.05585	0
BA.2	2022-12-04	0.970005069417269	6.22928632947482	1.0773381294964	2.61648877697842	0.547256889647482	6.22928632947482	0.857338129496403	2.35523877697842	0.547256889647482	0	0.219999999999997	0.26125	0
BA.2	2022-12-11	0.972464839341867	6.22928632947482	1.0773381294964	2.61648877697842	0.610737666647482	6.22928632947482	0.857338129496403	2.36163877697842	0.547256889647482	0	0.219999999999997	0.25485	0.063480777
BA.2	2022-12-18	0.975278004204841	6.26810007228777	1.0773381294964	2.50029877697842	0.547256889647482	6.22928632947482	0.857338129496403	2.36163877697842	0.547256889647482	0.03881374281295	0.219999999999997	0.13866	0
BA.2	2022-12-25	0.978057880597162	6.22928632947482	1.0773381294964	2.50029877697842	0.610737666647482	6.22928632947482	0.857338129496403	2.36163877697842	0.610737666647482	0	0.219999999999997	0.13866	0
BA.2	2023-01-08	0.983795554484911	6.22928632947482	0.857338129496403	2.45273877697842	0.610737666647482	6.22928632947482	0.857338129496403	2.36852877697842	0.610737666647482	0	0	0.0842100000000001	0
BA.2	2023-04-09	0.997070270315556	6.49302940147482	0.857338129496403	2.39793877697842	0.547256889647482	0	0	0	0	6.49302940147482	0.857338129496403	2.39793877697842	0.547256889647482
BA.2	2023-04-23	0.99779950490728	6.54502591347482	0.857338129496403	2.50076877697842	0.672477574647482	0	0	0	0	6.54502591347482	0.857338129496403	2.50076877697842	0.672477574647482
BA.2	2022-10-09	0.95981001334179	5.69208220847482	0.857338129496403	2.34232877697842	0.516158981647482	5.68603609247482	0.857338129496403	2.14568877697842	0.512734593647482	0.00604611599999938	0	0.19664	0.003424388
BA.2	2022-11-27	0.968070179439258	6.0582352327554	1.0773381294964	2.61648877697842	0.547256889647482	5.96422211402878	0.857338129496403	2.35523877697842	0.547256889647482	0.09401311872662	0.219999999999997	0.26125	0
BA.2	2023-01-01	0.980964653336245	6.22928632947482	0.857338129496403	2.61648877697842	0.610737666647482	6.22928632947482	0.857338129496403	2.36163877697842	0.610737666647482	0	0	0.25485	0
BA.2	2023-01-15	0.986151466597264	6.36731741647482	0.857338129496403	2.45273877697842	0.610737666647482	6.36731741647482	0.857338129496403	2.36852877697842	0.610737666647482	0	0	0.0842100000000001	0
BA.2	2023-01-22	0.987890270411224	6.24785069702878	0.857338129496403	2.61648877697842	0.672477574647482	6.22928632947482	0.857338129496403	2.33573877697842	0.610737666647482	0.0185643675539602	0	0.28075	0.0617399080000001
BA.2	2023-01-29	0.989323227532843	6.36731741647482	0.857338129496403	2.45273877697842	0.672477574647482	6.36731741647482	0.857338129496403	2.33573877697842	0.495440962647482	0	0	0.117	0.177036612
BA.2	2023-02-05	0.990567582478453	6.36731741647482	0.857338129496403	2.50029877697842	0.610737666647482	6.36731741647482	0.857338129496403	2.39183877697842	0.547256889647482	0	0	0.10846	0.063480777
BA.2	2023-02-12	0.991644086605789	6.33322163247482	0.857338129496403	2.50029877697842	0.610737666647482	6.22928632947482	0.857338129496403	2.39183877697842	0.547256889647482	0.103935303	0	0.10846	0.063480777
BA.2	2023-02-19	0.992663439353028	6.46656613865468	0.857338129496403	2.50076877697842	0.610737666647482	6.36731741647482	0.857338129496403	2.39183877697842	0.547256889647482	0.0992487221798601	0	0.10893	0.063480777
BA.2	2023-02-26	0.993623879779598	6.46656613865468	0.857338129496403	2.50029877697842	0.610737666647482	6.36731741647482	0.857338129496403	2.39183877697842	0.547256889647482	0.0992487221798601	0	0.10846	0.063480777
BA.2	2023-03-05	0.994496302111377	6.36731741647482	0.857338129496403	2.45273877697842	0.672477574647482	0	0	0	0	6.36731741647482	0.857338129496403	2.45273877697842	0.672477574647482
BA.2	2023-03-12	0.995033613493057	6.44337473347482	0.857338129496403	2.50076877697842	0.610737666647482	0	0	0	0	6.44337473347482	0.857338129496403	2.50076877697842	0.610737666647482
BA.2	2023-03-19	0.995613881083919	6.46656613865468	0.857338129496403	2.50076877697842	0.610737666647482	0	0	0	0	6.46656613865468	0.857338129496403	2.50076877697842	0.610737666647482
BA.2	2023-03-26	0.99610717761285	6.36731741647482	0.857338129496403	2.50076877697842	0.547256889647482	0	0	0	0	6.36731741647482	0.857338129496403	2.50076877697842	0.547256889647482
BA.2	2023-04-02	0.996637524227005	6.49302940147482	0.857338129496403	2.53014877697842	0.547256889647482	0	0	0	0	6.49302940147482	0.857338129496403	2.53014877697842	0.547256889647482
BA.2	2023-04-16	0.997455076719471	6.54502591347482	0.857338129496403	2.50076877697842	0.672477574647482	0	0	0	0	6.54502591347482	0.857338129496403	2.50076877697842	0.672477574647482
BA.2	2023-04-30	0.998125624705718	6.54502591347482	1.2373381294964	2.50076877697842	0.686517797647482	0	0	0	0	6.54502591347482	1.2373381294964	2.50076877697842	0.686517797647482
BA.4/5	2022-04-17	0.0007726653653353	1.30471906038266	0.0566666666666667	0.295707604402231	0.147338452273632	0.47704108074388	0.0064179104477611	0.053572184079602	0	0.82767797963878	0.0502487562189056	0.242135420322629	0.147338452273632
BA.4/5	2022-04-24	0.0010267891272919	0.839410516940298	0.0564179104477612	0.295707604402231	0.146601063069652	0.80655320243781	0.0064179104477611	0.0535760199004975	0	0.032857314502488	0.0500000000000001	0.242131584501733	0.146601063069652
BA.4/5	2022-05-01	0.0015583216474304	2.26421457877114	0.0064179104477611	0.312276019900497	0.168409347069652	0.80655320243781	0.0064179104477611	0.0535760199004975	0	1.45766137633333	0	0.2587	0.168409347069652
BA.4/5	2022-05-08	0.0023234164221541	1.78768245370149	0.0564179104477612	0.455276019900497	0.184855035069652	0.850804911134328	0.0064179104477611	0.295707604402231	0.146601063069652	0.936877542567162	0.0500000000000001	0.159568415498266	0.038253972
BA.4/5	2022-05-15	0.0035888286774876	1.44871722809453	0.0564179104477612	0.455276019900497	0.202279046069652	1.07922791721393	0.0064179104477611	0.455276019900497	0.168409347069652	0.3694893108806	0.0500000000000001	0	0.033869699
BA.4/5	2022-05-22	0.0057081865691786	1.63013873645274	0.0564179104477612	0.455276019900497	0.184855035069652	1.63013873645274	0.0464179104477612	0.455276019900497	0.184855035069652	0	0.01	0	0
BA.4/5	2022-05-29	0.0092902833611003	2.26421457877114	0.0564179104477612	0.455276019900497	0.202279046069652	1.63013873645274	0.0064179104477611	0.455276019900497	0.168409347069652	0.6340758423184	0.0500000000000001	0	0.033869699
BA.4/5	2022-06-05	0.0158410093242574	2.26421457877114	0.0564179104477612	0.455276019900497	0.202279046069652	1.35646778745274	0.0464179104477612	0.455276019900497	0.184855035069652	0.9077467913184	0.01	0	0.017424011
BA.4/5	2022-06-12	0.0266761015043334	3.26531127496517	0.0564179104477612	0.455276019900497	0.202279046069652	1.35646778745274	0.0564179104477612	0.455276019900497	0.184855035069652	1.90884348751243	0	0	0.017424011
BA.4/5	2022-06-19	0.0461139949069887	2.26421457877114	0.126417910447761	0.455276019900497	0.202279046069652	2.26421457877114	0.126417910447761	0.455276019900497	0.202279046069652	0	0	0	0
BA.4/5	2022-06-26	0.0761567221584624	3.26531127496517	0.126417910447761	0.455276019900497	0.202279046069652	1.08872832642868	0.126417910447761	0.455276019900497	0.202279046069652	2.17658294853649	0	0	0
BA.4/5	2022-07-03	0.118143158179986	3.26531127496517	0.126417910447761	0.455276019900497	0.202279046069652	3.26531127496517	0.126417910447761	0.455276019900497	0.202279046069652	0	0	0	0
BA.4/5	2022-07-10	0.171124910446126	3.26531127496517	0.126417910447761	0.455276019900497	0.282492295069652	3.26531127496517	0.126417910447761	0.455276019900497	0.282492295069652	0	0	0	0
BA.4/5	2022-07-17	0.233427035650308	3.26531127496517	0.126417910447761	0.520076019900497	0.202279046069652	3.26531127496517	0.126417910447761	0.520076019900497	0.202279046069652	0	0	0	0
BA.4/5	2022-07-24	0.301421337699046	3.26531127496517	0.126417910447761	0.520076019900497	0.253881219069652	3.26531127496517	0.126417910447761	0.520076019900497	0.202279046069652	0	0	0	0.051602173
BA.4/5	2022-07-31	0.371226627199615	3.26531127496517	0.126417910447761	0.520076019900497	0.288231770069652	3.26531127496517	0.126417910447761	0.520076019900497	0.282492295069652	0	0	0	0.00573947499999999
BA.4/5	2022-08-07	0.437230536164044	3.26531127496517	0.126417910447761	0.520076019900497	0.282492295069652	1.19343077438806	0.126417910447761	0.520076019900497	0.282492295069652	2.07188050057711	0	0	0
BA.4/5	2022-08-14	0.497555661799177	3.26531127496517	0.126417910447761	0.520076019900497	0.282492295069652	1.19343077438806	0.126417910447761	0.520076019900497	0.282492295069652	2.07188050057711	0	0	0
BA.4/5	2022-08-21	0.550385130217803	3.26531127496517	0.126417910447761	0.520076019900497	0.288231770069652	1.19343077438806	0.126417910447761	0.520076019900497	0.282492295069652	2.07188050057711	0	0	0.00573947499999999
BA.4/5	2022-08-28	0.598076594265396	3.26531127496517	0.126417910447761	0.520076019900497	0.282492295069652	1.19343077438806	0.126417910447761	0.520076019900497	0.282492295069652	2.07188050057711	0	0	0
BA.4/5	2022-09-04	0.638220231200474	3.26531127496517	0.126417910447761	0.520076019900497	0.350494276069652	1.16257943633333	0.126417910447761	0.520076019900497	0.282492295069652	2.10273183863184	0	0	0.068001981
BA.4/5	2022-09-11	0.673045371144762	1.63013873645274	0.126417910447761	0.520076019900497	0.402096449069652	1.63013873645274	0.126417910447761	0.520076019900497	0.402096449069652	0	0	0	0
BA.4/5	2022-09-18	0.703740509992904	3.26531127496517	0.126417910447761	0.520076019900497	0.402096449069652	1.63013873645274	0.126417910447761	0.520076019900497	0.402096449069652	1.63517253851243	0	0	0
BA.4/5	2022-09-25	0.733695153955296	3.26531127496517	0.126417910447761	0.520076019900497	0.349779092069652	1.63013873645274	0.126417910447761	0.520076019900497	0.349779092069652	1.63517253851243	0	0	0
BA.4/5	2022-10-02	0.762127685843745	2.26421457877114	0.126417910447761	0.520076019900497	0.402096449069652	1.63013873645274	0.126417910447761	0.520076019900497	0.402096449069652	0.6340758423184	0	0	0
BA.4/5	2022-10-09	0.789118509569595	3.26531127496517	0.126417910447761	0.520076019900497	0.402096449069652	1.63013873645274	0.126417910447761	0.520076019900497	0.402096449069652	1.63517253851243	0	0	0
BA.4/5	2022-10-16	0.814070008699911	2.26421457877114	0.126417910447761	0.520076019900497	0.402096449069652	1.63013873645274	0.126417910447761	0.520076019900497	0.402096449069652	0.6340758423184	0	0	0
BA.4/5	2022-10-23	0.836044905350946	3.26531127496517	0.126417910447761	0.520076019900497	0.402096449069652	1.63013873645274	0.126417910447761	0.520076019900497	0.402096449069652	1.63517253851243	0	0	0
BA.4/5	2022-10-30	0.854766856914265	3.26531127496517	0.126417910447761	0.520076019900497	0.402096449069652	1.42183511008955	0.126417910447761	0.520076019900497	0.402096449069652	1.84347616487562	0	0	0
BA.4/5	2022-11-06	0.870860115177717	3.26531127496517	0.126417910447761	0.520076019900497	0.402096449069652	1.36067106998507	0.126417910447761	0.520076019900497	0.402096449069652	1.9046402049801	0	0	0
BA.4/5	2022-11-13	0.885816935417265	3.26531127496517	0.126417910447761	0.520076019900497	0.402096449069652	1.42183511008955	0.126417910447761	0.520076019900497	0.402096449069652	1.84347616487562	0	0	0
BA.4/5	2022-11-20	0.900548535392476	3.26531127496517	0.126417910447761	0.553266019900498	0.402096449069652	1.42183511008955	0.126417910447761	0.520076019900497	0.402096449069652	1.84347616487562	0	0.0331900000000009	0
BA.4/5	2022-11-27	0.914870296283948	1.63013873645274	0.126417910447761	0.553266019900498	0.402096449069652	1.42183511008955	0.126417910447761	0.520076019900497	0.402096449069652	0.20830362636319	0	0.0331900000000009	0
BA.4/5	2022-12-04	0.928165587301983	1.63013873645274	0.126417910447761	0.621476019900498	0.402096449069652	1.42183511008955	0.126417910447761	0.520076019900497	0.402096449069652	0.20830362636319	0	0.101400000000001	0
BA.4/5	2022-12-11	0.940994742055413	3.26531127496517	0.126417910447761	0.553266019900498	0.402096449069652	1.42183511008955	0.0564179104477612	0.520076019900497	0.402096449069652	1.84347616487562	0.0699999999999998	0.0331900000000009	0
BA.4/5	2022-12-18	0.953369480281985	1.63013873645274	0.126417910447761	0.621476019900498	0.402096449069652	1.42183511008955	0.0564179104477612	0.492676019900498	0.402096449069652	0.20830362636319	0.0699999999999998	0.1288	0
BA.4/5	2022-12-25	0.964353148520923	1.63013873645274	0.126417910447761	0.553266019900498	0.402096449069652	1.50261034498507	0.126417910447761	0.492676019900498	0.402096449069652	0.12752839146767	0	0.06059	0
BA.4/5	2023-01-01	0.972636483198768	1.63013873645274	0.126417910447761	0.621476019900498	0.402096449069652	1.42183511008955	0.126417910447761	0.401276019900498	0.402096449069652	0.20830362636319	0	0.2202	0
BA.4/5	2023-01-08	0.979997388372107	1.59903889265672	0.126417910447761	0.621476019900498	0.402096449069652	1.27732656208955	0.126417910447761	0.492676019900498	0.349779092069652	0.32171233056717	0	0.1288	0.052317357
BA.4/5	2023-01-15	0.985796270029308	1.61604674565672	0.126417910447761	0.621476019900498	0.402096449069652	0	0	0	0	1.61604674565672	0.126417910447761	0.621476019900498	0.402096449069652
BA.4/5	2023-01-22	0.99001695347058	1.77688122779104	0.126417910447761	0.621476019900498	0.402096449069652	0	0	0	0	1.77688122779104	0.126417910447761	0.621476019900498	0.402096449069652
BA.4/5	2023-01-29	0.992613573272326	1.77688122779104	0.126417910447761	0.621476019900498	0.402096449069652	0	0	0	0	1.77688122779104	0.126417910447761	0.621476019900498	0.402096449069652
BA.4/5	2023-02-05	0.994475361946352	1.77688122779104	0.126417910447761	0.621476019900498	0.402096449069652	0	0	0	0	1.77688122779104	0.126417910447761	0.621476019900498	0.402096449069652
BA.4/5	2023-02-12	0.995802972902103	1.77688122779104	0.126417910447761	0.621476019900498	0.402096449069652	0	0	0	0	1.77688122779104	0.126417910447761	0.621476019900498	0.402096449069652
BA.4/5	2023-02-19	0.996802462451057	1.77688122779104	0.126417910447761	0.621476019900498	0.388908508069652	0	0	0	0	1.77688122779104	0.126417910447761	0.621476019900498	0.388908508069652
BA.4/5	2023-02-26	0.997573846089908	1.77688122779104	0.126417910447761	0.524076019900497	0.402096449069652	0	0	0	0	1.77688122779104	0.126417910447761	0.524076019900497	0.402096449069652
BA.4/5	2023-03-05	0.998085373291609	1.77688122779104	0.126417910447761	0.621476019900498	0.402096449069652	0	0	0	0	1.77688122779104	0.126417910447761	0.621476019900498	0.402096449069652
BA.4/5	2023-03-12	0.99846378593688	1.77688122779104	0.126417910447761	0.621476019900498	0.402096449069652	0	0	0	0	1.77688122779104	0.126417910447761	0.621476019900498	0.402096449069652
BQ.1	2022-09-11	0.002497626652108	0.869687197114927	0.0504624277456647	0.349837033362159	0.134565307972418	0.413162596862409	0	0.349837033362159	0.134565307972418	0.456524600252518	0.0504624277456647	0	0
BQ.1	2022-09-18	0.0040265096607245	2.21211498024855	0	0.534525895953757	0.134565307972418	2.21211498024855	0	0.534525895953757	0.134565307972418	0	0	0	0
BQ.1	2022-09-25	0.007081685319697	2.71093947611561	0	0.534525895953757	0.154126377913295	0.949109038693641	0	0.534525895953757	0.134565307972418	1.76183043742197	0	0	0.019561069940877
BQ.1	2022-10-02	0.0128173566472722	1.5660965007341	0.0504624277456647	0.534525895953757	0.233957308913295	0.646986340254335	0	0.534525895953757	0.233957308913295	0.919110160479765	0.0504624277456647	0	0
BQ.1	2022-10-09	0.0223458675124832	0.990481461809248	0.0504624277456647	0.534525895953757	0.149042802913295	0.930801178294798	0	0.534525895953757	0.109091251913295	0.05968028351445	0.0504624277456647	0	0.039951551
BQ.1	2022-10-16	0.0362761704333638	1.28228166269364	0.0504624277456647	0.534525895953757	0.149042802913295	1.28228166269364	0	0.534525895953757	0.149042802913295	0	0.0504624277456647	0	0
BQ.1	2022-10-23	0.0540692884413193	2.21211498024855	0.0504624277456647	0.540925895953757	0.149042802913295	2.21211498024855	0	0.540925895953757	0.149042802913295	0	0.0504624277456647	0	0
BQ.1	2022-10-30	0.0755470239812559	2.21211498024855	0.0504624277456647	0.540925895953757	0.233957308913295	1.28228166269364	0.0395953757225434	0.540925895953757	0.233957308913295	0.92983331755491	0.0108670520231213	0	0
BQ.1	2022-11-06	0.103339577630996	2.21211498024855	0.0504624277456647	0.540925895953757	0.233957308913295	1.28228166269364	0.0495953757225434	0.540925895953757	0.233957308913295	0.92983331755491	0.000867052023121304	0	0
BQ.1	2022-11-13	0.139712599908335	2.21211498024855	0.0504624277456647	0.554625895953757	0.233957308913295	1.04634220825433	0.0504624277456647	0.540925895953757	0.219877238913295	1.16577277199422	0	0.0137	0.01408007
BQ.1	2022-11-20	0.186862433617079	2.21211498024855	0.0504624277456647	0.554625895953757	0.233957308913295	1.35617306925433	0.0395953757225434	0.554625895953757	0.219877238913295	0.85594191099422	0.0108670520231213	0	0.01408007
BQ.1	2022-11-27	0.246422094663549	2.21211498024855	0.0504624277456647	0.554625895953757	0.233957308913295	1.35617306925433	0.0395953757225434	0.554625895953757	0.233957308913295	0.85594191099422	0.0108670520231213	0	0
BQ.1	2022-12-04	0.3237438259822	2.21211498024855	0.0504624277456647	0.554625895953757	0.233957308913295	1.35617306925433	0.0395953757225434	0.554625895953757	0.233957308913295	0.85594191099422	0.0108670520231213	0	0
BQ.1	2022-12-11	0.415127745451279	2.21211498024855	0.239595375722543	0.554625895953757	0.292243919913295	1.28228166269364	0.0395953757225434	0.554625895953757	0.233957308913295	0.92983331755491	0.2	0	0.058286611
BQ.1	2022-12-18	0.516340962087118	2.21211498024855	0.0895953757225433	0.554625895953757	0.233957308913295	1.35617306925433	0.0395953757225434	0.554625895953757	0.233957308913295	0.85594191099422	0.0499999999999999	0	0
BQ.1	2022-12-25	0.617224347833066	2.21211498024855	0.0595953757225434	0.554625895953757	0.233957308913295	1.35617306925433	0.0395953757225434	0.554625895953757	0.233957308913295	0.85594191099422	0.02	0	0
BQ.1	2023-01-01	0.711648967877873	2.21211498024855	0.239595375722543	0.554625895953757	0.292243919913295	2.21211498024855	0.239595375722543	0.554625895953757	0.292243919913295	0	0	0	0
BQ.1	2023-01-08	0.787075434966652	1.58885483225433	0.239595375722543	0.554625895953757	0.292243919913295	1.35617306925433	0.0395953757225434	0.554625895953757	0.233957308913295	0.232681763	0.2	0	0.058286611
BQ.1	2023-01-15	0.845208888877442	2.21211498024855	0.239595375722543	0.554625895953757	0.292243919913295	2.21211498024855	0.0395953757225434	0.554625895953757	0.233957308913295	0	0.2	0	0.058286611
BQ.1	2023-01-22	0.886518481193394	2.21211498024855	0.239595375722543	0.554625895953757	0.292243919913295	1.38365198125433	0.0395953757225434	0.554625895953757	0.233957308913295	0.82846299899422	0.2	0	0.058286611
BQ.1	2023-01-29	0.914554463162733	2.21211498024855	0.239595375722543	0.554625895953757	0.292243919913295	1.35617306925433	0.0395953757225434	0.554625895953757	0.233957308913295	0.85594191099422	0.2	0	0.058286611
BQ.1	2023-02-05	0.935066144197758	2.21211498024855	0.239595375722543	0.554625895953757	0.292243919913295	0	0	0	0	2.21211498024855	0.239595375722543	0.554625895953757	0.292243919913295
BQ.1	2023-02-12	0.950547015641529	2.21211498024855	0.239595375722543	0.554625895953757	0.292243919913295	0	0	0	0	2.21211498024855	0.239595375722543	0.554625895953757	0.292243919913295
BQ.1	2023-02-19	0.963421509396915	2.21211498024855	0.239595375722543	0.554625895953757	0.292243919913295	0	0	0	0	2.21211498024855	0.239595375722543	0.554625895953757	0.292243919913295
BQ.1	2023-02-26	0.972933116107422	1.45771229525433	0.239595375722543	0.554625895953757	0.292243919913295	0	0	0	0	1.45771229525433	0.239595375722543	0.554625895953757	0.292243919913295
BQ.1	2023-03-05	0.979589495360647	1.45771229525433	0.239595375722543	0.554625895953757	0.292243919913295	0	0	0	0	1.45771229525433	0.239595375722543	0.554625895953757	0.292243919913295
BQ.1	2023-03-12	0.98466065518186	1.5660965007341	0.239595375722543	0.554625895953757	0.292243919913295	0	0	0	0	1.5660965007341	0.239595375722543	0.554625895953757	0.292243919913295
BQ.1	2023-03-19	0.988277701425255	1.45771229525433	0.0595953757225434	0.554625895953757	0.233957308913295	0	0	0	0	1.45771229525433	0.0595953757225434	0.554625895953757	0.233957308913295
BQ.1	2023-03-26	0.990972775038605	1.58885483225433	0.239595375722543	0.554625895953757	0.292243919913295	0	0	0	0	1.58885483225433	0.239595375722543	0.554625895953757	0.292243919913295
BQ.1	2023-04-02	0.993192444612787	1.45771229525433	0.239595375722543	0.554625895953757	0.292243919913295	0	0	0	0	1.45771229525433	0.239595375722543	0.554625895953757	0.292243919913295
XBB	2022-11-06	0.0137570727299399	1.13382527827622	0.814720279720279	0.389328800699301	0.0321010962727273	0.878230191688811	0.734720279720279	0.271028800699301	0.0158531572727273	0.255595086587409	0.0800000000000001	0.1183	0.016247939
XBB	2022-11-13	0.017360193189214	2.93904516531818	0.734720279720279	0.271028800699301	0.0209294191125875	1.19459729266084	0.734720279720279	0.271028800699301	0.0158531572727273	1.74444787265734	0	0	0.0050762618398602
XBB	2022-11-20	0.0216924820124356	1.39940117333217	0.734720279720279	0.354548800699301	0.0209294191125875	1.08925883847902	0.734720279720279	0.354548800699301	0.0158531572727273	0.31014233485315	0	0	0.0050762618398602
XBB	2022-11-27	0.0276776923408443	2.67492484804545	0.734720279720279	0.321678800699301	0.0321010962727273	1.41224556037413	0.734720279720279	0.321678800699301	0.0158531572727273	1.26267928767132	0	0	0.016247939
XBB	2022-12-04	0.0364871945945005	2.93904516531818	0.734720279720279	0.321678800699301	0.0321010962727273	1.39794559554895	0.734720279720279	0.316718800699301	0.0158531572727273	1.54109956976923	0	0.00496000000000002	0.016247939
XBB	2022-12-11	0.0483420084336463	2.67492484804545	0.734720279720279	0.354548800699301	0.0321010962727273	1.69057662737413	0.734720279720279	0.354548800699301	0.0158531572727273	0.98434822067132	0	0	0.016247939
XBB	2022-12-18	0.0614857667040256	2.93904516531818	0.734720279720279	0.412428800699301	0.0321010962727273	1.62395766675175	0.734720279720279	0.412428800699301	0.0160065172727273	1.31508749856643	0	0	0.016094579
XBB	2022-12-25	0.0749181046356508	2.93904516531818	1.07472027972028	0.412428800699301	0.0358757232727273	2.6290748185	1.07472027972028	0.412428800699301	0.0358757232727273	0.30997034681818	0	0	0
XBB	2023-01-01	0.0903192742961189	2.93904516531818	1.07472027972028	0.493438800699301	0.0693505452727274	2.11537563216433	1.06472027972028	0.412428800699301	0.0297022132727273	0.82366953315385	0.01	0.08101	0.0396483320000001
XBB	2023-01-08	0.1080014171226	2.93904516531818	1.07472027972028	0.402528800699301	0.0358757232727273	2.11537563216433	1.07472027972028	0.402528800699301	0.0358757232727273	0.82366953315385	0	0	0
XBB	2023-01-15	0.130262760972363	2.67492484804545	1.07472027972028	0.412428800699301	0.0358757232727273	1.96877351311538	1.07472027972028	0.412428800699301	0.0358757232727273	0.70615133493007	0	0	0
XBB	2023-01-22	0.154472655428889	2.67492484804545	1.07472027972028	0.412428800699301	0.0582923652727273	1.67636587764685	1.07472027972028	0.412428800699301	0.0582923652727273	0.9985589703986	0	0	0
XBB	2023-01-29	0.179058720292421	2.93904516531818	1.07472027972028	0.402528800699301	0.0582923652727273	1.99511501410839	1.07472027972028	0.402528800699301	0.0582923652727273	0.94393015120979	0	0	0
XBB	2023-02-05	0.204069963890286	2.93904516531818	1.07472027972028	0.412428800699301	0.0358757232727273	2.01915679593357	1.07472027972028	0.402528800699301	0.0358757232727273	0.91988836938461	0	0.00989999999999996	0
XBB	2023-02-12	0.231718438034386	2.93904516531818	1.07472027972028	0.412428800699301	0.0582923652727273	1.9393645570035	1.07472027972028	0.402528800699301	0.0582923652727273	0.99968060831468	0	0.00989999999999996	0
XBB	2023-02-19	0.260707473264057	2.67492484804545	1.07472027972028	0.453178800699301	0.0582923652727273	1.89005883893357	1.07472027972028	0.402528800699301	0.0582923652727273	0.78486600911188	0	0.05065	0
XBB	2023-02-26	0.291851365537719	2.93904516531818	1.07472027972028	0.453178800699301	0.0582923652727273	2.11537563216433	1.07472027972028	0.453178800699301	0.0358757232727273	0.82366953315385	0	0	0.022416642
XBB	2023-03-05	0.323932263374969	2.3301049410035	1.23472027972028	0.446908800699301	0.318745339272727	2.19535323638112	1.07472027972028	0.446908800699301	0.318745339272727	0.13475170462238	0.16	0	0
XBB	2023-03-12	0.354390136178817	2.47377351847902	1.07472027972028	0.453178800699301	0.318745339272727	2.47377351847902	1.07472027972028	0.453178800699301	0.318745339272727	0	0	0	0
XBB	2023-03-19	0.383921693114352	8.32017246737413	1.07472027972028	0.466898800699301	0.318745339272727	2.47377351847902	1.07472027972028	0.466898800699301	0.318745339272727	5.84639894889511	0	0	0
XBB	2023-03-26	0.412981885482358	2.47377351847902	1.07472027972028	0.473998800699301	0.318745339272727	2.47377351847902	1.07472027972028	0.466898800699301	0.318745339272727	0	0	0.0071	0
XBB	2023-04-02	0.444731837465155	8.32017246737413	1.07472027972028	0.514878800699301	0.318745339272727	2.60287147547902	1.07472027972028	0.466898800699301	0.318745339272727	5.71730099189511	0	0.04798	0
XBB	2023-04-09	0.47707123490314	8.32017246737413	1.07472027972028	0.486878800699301	0.318745339272727	2.60287147547902	1.07472027972028	0.466898800699301	0.318745339272727	5.71730099189511	0	0.01998	0
XBB	2023-04-16	0.50917310391065	2.93904516531818	1.23472027972028	0.514878800699301	0.178454591272727	2.73610392203846	1.07472027972028	0.514878800699301	0.0693505452727274	0.20294124327972	0.16	0	0.109104046
XBB	2023-04-23	0.541236934443429	2.73610392203846	1.07472027972028	0.514878800699301	0.318745339272727	2.73610392203846	1.07472027972028	0.514878800699301	0.318745339272727	0	0	0	0
XBB	2023-04-30	0.572466413182671	2.73610392203846	1.07472027972028	0.514878800699301	0.318745339272727	2.73610392203846	1.07472027972028	0.514878800699301	0.318745339272727	0	0	0	0
XBB	2023-05-07	0.60152552602388	2.73610392203846	1.07472027972028	0.514878800699301	0.318745339272727	2.73610392203846	1.07472027972028	0.514878800699301	0.318745339272727	0	0	0	0
XBB	2023-05-14	0.62611683011521	2.73610392203846	1.07472027972028	0.514878800699301	0.318745339272727	2.73610392203846	1.07472027972028	0.514878800699301	0.318745339272727	0	0	0	0
XBB	2023-05-21	0.646628465229193	2.73610392203846	1.07472027972028	0.514878800699301	0.338767905272727	2.73610392203846	1.07472027972028	0.514878800699301	0.318745339272727	0	0	0	0.020022566
XBB	2023-05-28	0.662786900415541	2.73610392203846	1.16472027972028	0.522538800699301	0.318745339272727	2.60287147547902	1.07472027972028	0.522538800699301	0.318745339272727	0.13323244655944	0.0900000000000001	0	0
XBB	2023-06-04	0.677070079765337	2.73610392203846	1.23472027972028	0.531128800699301	0.318745339272727	2.60287147547902	1.07472027972028	0.531128800699301	0.158432025272727	0.13323244655944	0.16	0	0.160313314
XBB	2023-06-11	0.688072842791171	2.93904516531818	1.07472027972028	0.522538800699301	0.318745339272727	2.60287147547902	1.07472027972028	0.522538800699301	0.0693505452727274	0.33617368983916	0	0	0.249394794
XBB	2023-06-18	0.698082341476061	2.73610392203846	1.24472027972028	0.588428800699301	0.318745339272727	2.69435779147902	1.24472027972028	0.514878800699301	0.178454591272727	0.04174613055944	0	0.07355	0.140290748
XBB	2023-06-25	0.706568790350102	2.73610392203846	1.23472027972028	0.522538800699301	0.318745339272727	2.73610392203846	1.23472027972028	0.522538800699301	0.178454591272727	0	0	0	0.140290748
XBB	2023-07-02	0.715826180364483	2.73610392203846	1.24472027972028	0.531128800699301	0.338767905272727	2.73610392203846	1.24472027972028	0.522538800699301	0.0698450432727274	0	0	0.00858999999999999	0.268922862
XBB	2023-07-09	0.725016733580486	2.73610392203846	1.40472027972028	0.531128800699301	0.318745339272727	2.73610392203846	1.40472027972028	0.522538800699301	0.178454591272727	0	0	0.00858999999999999	0.140290748
XBB	2023-07-16	0.735473766839631	2.73610392203846	1.40472027972028	0.531128800699301	0.338767905272727	2.73610392203846	1.40472027972028	0.522538800699301	0.178454591272727	0	0	0.00858999999999999	0.160313314
XBB	2023-07-23	0.748339678377281	2.69435779147902	1.40472027972028	0.531128800699301	0.318745339272727	2.69435779147902	1.40472027972028	0.531128800699301	0.318745339272727	0	0	0	0
XBB	2023-07-30	0.769733076635653	2.99879121889161	1.40472027972028	0.588428800699301	0.318745339272727	2.99879121889161	1.40472027972028	0.531128800699301	0.318745339272727	0	0	0.0573	0
XBB	2023-08-06	0.789124787129616	2.76520804782867	1.40472027972028	0.531128800699301	0.372242727272727	2.76520804782867	1.40472027972028	0.522538800699301	0.372242727272727	0	0	0.00858999999999999	0
XBB	2023-08-13	0.808094286384062	3.0167032680035	1.40472027972028	0.588428800699301	0.318745339272727	2.99879121889161	1.40472027972028	0.551988800699301	0.318745339272727	0.01791204911189	0	0.03644	0
XBB	2023-08-20	0.821409639173909	3.0167032680035	1.50472027972028	0.588428800699301	0.372242727272727	2.99879121889161	1.50472027972028	0.573188800699301	0.372242727272727	0.01791204911189	0	0.01524	0
XBB	2023-08-27	0.838245126051891	3.0167032680035	1.40472027972028	0.588428800699301	0.318745339272727	3.0167032680035	1.40472027972028	0.573188800699301	0.318134127272727	0	0	0.01524	0.000611212000000028
XBB	2023-09-03	0.854325944725539	3.0167032680035	1.40472027972028	0.628438800699301	0.372242727272727	3.0167032680035	1.40472027972028	0.588428800699301	0.372242727272727	0	0	0.04001	0
XBB	2023-09-10	0.86650569839245	3.0167032680035	1.56472027972028	0.628438800699301	0.372242727272727	3.0167032680035	1.50472027972028	0.588428800699301	0.338767905272727	0	0.0599999999999998	0.04001	0.033474822
XBB	2023-09-17	0.875194908991709	3.0167032680035	1.56472027972028	0.597468800699301	0.372242727272727	3.0167032680035	1.50472027972028	0.588428800699301	0.372242727272727	0	0.0599999999999998	0.00903999999999994	0
XBB	2023-09-24	0.882431130516197	3.14273701693357	1.50472027972028	0.628438800699301	0.372242727272727	3.0167032680035	1.24472027972028	0.620908800699301	0.372242727272727	0.12603374893007	0.26	0.00753000000000004	0
XBB	2023-10-01	0.89022044634658	3.14273701693357	1.56472027972028	0.620908800699301	0.372242727272727	3.0167032680035	1.24472027972028	0.620908800699301	0.372242727272727	0.12603374893007	0.32	0	0
XBB	2023-10-08	0.898051024923363	5.51719402927622	1.56472027972028	0.628438800699301	0.372242727272727	5.51719402927622	1.50472027972028	0.620908800699301	0.338767905272727	0	0.0599999999999998	0.00753000000000004	0.033474822
XBB	2023-10-15	0.905506398935066	5.51719402927622	1.50472027972028	0.6263388006993	0.372242727272727	5.51719402927622	1.50472027972028	0.6263388006993	0.338767905272727	0	0	0	0.033474822
XBB	2023-10-22	0.912537818901046	5.51719402927622	1.50472027972028	0.6263388006993	0.372242727272727	3.14273701693357	1.28472027972028	0.6263388006993	0.372242727272727	2.37445701234265	0.22	0	0
XBB	2023-10-29	0.919573091270432	5.51719402927622	1.56472027972028	0.6608188006993	0.372242727272727	3.25394265915734	1.28472027972028	0.628438800699301	0.318134127272727	2.26325137011888	0.28	0.032379999999999	0.0541086
XBB	2023-11-05	0.926916887925981	5.51719402927622	1.50472027972028	0.709858800699301	0.372242727272727	3.3385935490035	1.28472027972028	0.709858800699301	0.318134127272727	2.17860048027272	0.22	0	0.0541086
XBB	2023-11-12	0.935210658586514	5.51719402927622	1.56472027972028	0.709858800699301	0.372242727272727	3.25394265915734	1.28472027972028	0.709858800699301	0.290195022272727	2.26325137011888	0.28	0	0.082047705
XBB	2023-11-19	0.944282588664557	5.51719402927622	1.56472027972028	0.6608188006993	0.372242727272727	5.51719402927622	1.28472027972028	0.628438800699301	0.290195022272727	0	0.28	0.032379999999999	0.082047705
XBB	2023-11-26	0.954150838177711	5.51719402927622	1.50472027972028	0.709858800699301	0.389536358272727	5.51719402927622	1.28472027972028	0.628438800699301	0.290195022272727	0	0.22	0.0814199999999999	0.099341336
XBB	2023-12-03	0.964172912896115	5.51719402927622	1.56472027972028	0.709858800699301	0.389536358272727	0	0	0	0	5.51719402927622	1.56472027972028	0.709858800699301	0.389536358272727
XBB	2023-12-31	0.993110865846972	5.51719402927622	1.50472027972028	0.709858800699301	0.318745339272727	0	0	0	0	5.51719402927622	1.50472027972028	0.709858800699301	0.318745339272727
XBB	2024-01-07	0.995750383868132	3.3385935490035	1.40472027972028	0.709858800699301	0.389536358272727	0	0	0	0	3.3385935490035	1.40472027972028	0.709858800699301	0.389536358272727
XBB	2024-01-14	0.997372878642854	5.51719402927622	1.56472027972028	0.628438800699301	0.372242727272727	0	0	0	0	5.51719402927622	1.56472027972028	0.628438800699301	0.372242727272727
XBB	2024-01-21	0.998371608943677	5.51719402927622	1.56472027972028	0.628438800699301	0.290195022272727	0	0	0	0	5.51719402927622	1.56472027972028	0.628438800699301	0.290195022272727
XBB	2023-12-10	0.973928022496928	5.51719402927622	1.50472027972028	0.709858800699301	0.389536358272727	0	0	0	0	5.51719402927622	1.50472027972028	0.709858800699301	0.389536358272727
XBB	2023-12-17	0.982444862272793	5.51719402927622	1.40472027972028	0.709858800699301	0.389536358272727	0	0	0	0	5.51719402927622	1.40472027972028	0.709858800699301	0.389536358272727
XBB	2023-12-24	0.988950151483964	5.51719402927622	1.50472027972028	0.628438800699301	0.389536358272727	0	0	0	0	5.51719402927622	1.50472027972028	0.628438800699301	0.389536358272727
XBB	2024-01-28	0.99893833864554	3.25394265915734	1.30472027972028	0.709858800699301	0.389536358272727	0	0	0	0	3.25394265915734	1.30472027972028	0.709858800699301	0.389536358272727
XBB	2022-10-30	0.0110307239749857	1.19459729266084	0.734720279720279	0.271028800699301	0.0022680480801221	1.19459729266084	0	0	0	0	0.734720279720279	0.271028800699301	0.0022680480801221
XBB	2022-10-23	0.0090828513237512	1.39940117333217	0.734720279720279	0.271028800699301	0.0158531572727273	0.904692785206294	0.734720279720279	0.271028800699301	0.0158531572727273	0.494708388125876	0	0	0
XBB	2022-10-09	0.004607474166093	2.67492484804545	0.734720279720279	0.522538800699301	0.0693505452727274	0.876386356523507	0	0.075200939249796	0	1.79853849152194	0.734720279720279	0.447337861449505	0.0693505452727274
XBB	2022-10-16	0.0068135398819119	2.93904516531818	1.07472027972028	0.383378800699301	0.0358757232727273	0.627181911693427	0	0	0	2.31186325362475	1.07472027972028	0.383378800699301	0.0358757232727273
XBB	2022-10-02	0.0023964264573398	0.924479306187855	0	0.15598556060606	0.0209294191125875	0.847769564124713	0	0.075200939249796	0	0.076709742063142	0	0.080784621356264	0.0209294191125875
