VOC	Date	InfectionProportion	HaploMax_AntigenicDistanceABS	HaploMax_ChangeACE2binding	HaploMax_ChangeCellEntry	HaploMax_ChangeImmuneEscape	AdvHaploMax_AntigenicDistanceABS	AdvHaploMax_ChangeACE2binding	AdvHaploMax_ChangeCellEntry	AdvHaploMax_ChangeImmuneEscape
WT	2020-02-02	1.57313687408105E-06	1.00891008220779	0.260909090909091	0.0558506493506494	0.0931787179220779	0	0	0	0
WT	2020-02-09	3.68878750210056E-06	0.496649007064935	0.620909090909091	0.212950649350649	0	0	0	0	0
WT	2020-02-16	8.71779309329449E-06	0.902839151064935	0.000909090909090911	0.244150649350649	0	0	0	0	0
WT	2020-02-23	2.85650237799202E-05	0.510454971064935	0.000909090909090911	0.563650649350649	0	0	0	0	0
WT	2020-03-01	0.000103081013522542	0.542192449064935	0.170909090909091	0.244150649350649	0.00802180392207792	0	0	0	0
WT	2020-03-08	0.000348227800165198	2.53932821319481	0.540909090909091	0.91185064935065	0.260546933922078	0	0	0	0
WT	2020-03-15	0.00107163188409754	0.741206035064935	0.260909090909091	0.781550649350649	0.0102259849220779	0	0	0	0
WT	2020-03-22	0.00275027987806003	2.40671893635065	0.620909090909091	0.965050649350649	0.260546933922078	0	0	0	0
WT	2020-03-29	0.00560065043018948	0.847749085194805	0.900909090909091	0.781550649350649	0.0949928899220779	0	0	0	0
WT	2020-04-05	0.00946306955967307	0.847749085194805	0.900909090909091	0.781550649350649	0.0949928899220779	0	0	0	0
WT	2020-04-12	0.0137755442714219	1.00891008220779	0.900909090909091	0.781550649350649	0.0949928899220779	0	0	0	0
WT	2020-04-19	0.0183071722373007	2.3836335531948	0.620909090909091	1.71325064935065	0.260546933922078	0	0	0	0
WT	2020-04-26	0.0229007202178504	1.35190400416883	0.900909090909091	0.781550649350649	0.0957196359220779	0	0	0	0
WT	2020-05-03	0.0277184235168321	3.01900584301299	0.880909090909091	0.721650649350649	0.342005953922078	0	0	0	0
WT	2020-05-10	0.0327394572697012	2.25003227622078	1.21090909090909	0.740350649350649	0.289747810922078	0	0	0	0
WT	2020-05-17	0.0381890708494009	1.97859567719481	0.620909090909091	0.740350649350649	0.101477232922078	0	0	0	0
WT	2020-05-24	0.0440725621986863	2.3836335531948	0.880909090909091	0.965050649350649	0.260546933922078	0	0	0	0
WT	2020-05-31	0.0506340734270367	1.47911984306494	0.900909090909091	0.740350649350649	0.260546933922078	0	0	0	0
WT	2020-06-07	0.0577884093828353	2.0729927751948	0.900909090909091	0.740350649350649	0.101477232922078	0	0	0	0
WT	2020-06-14	0.0658165674020525	2.3117683011948	1.63090909090909	0.965050649350649	0.101477232922078	0	0	0	0
WT	2020-06-21	0.0747520640732224	1.97859567719481	1.63090909090909	0.751950649350649	0.101477232922078	0	0	0	0
WT	2020-06-28	0.0849187451298766	0.847749085194805	1.63090909090909	0.740350649350649	0.260546933922078	0	0	0	0
WT	2020-07-05	0.0962289090084784	1.03504583683117	1.63090909090909	1.71325064935065	0.260546933922078	0	0	0	0
WT	2020-07-12	0.108712681422382	2.29740124435065	1.63090909090909	1.71325064935065	0.260546933922078	0	0	0	0
WT	2020-07-19	0.122356259894192	2.01559741119481	1.63090909090909	0.965050649350649	0.260546933922078	0	0	0	0
WT	2020-07-26	0.137248701553381	2.0729927751948	1.63090909090909	0.965050649350649	0.260546933922078	0	0	0	0
WT	2020-08-02	0.152890215371719	2.11233876006493	0.900909090909091	0.740350649350649	0.260546933922078	0	0	0	0
WT	2020-08-09	0.168955658572995	3.27621007583117	1.63090909090909	0.965050649350649	0.342005953922078	0	0	0	0
WT	2020-08-16	0.184942031546973	2.47342768735065	1.63090909090909	0.965050649350649	0.365414853922078	0	0	0	0
WT	2020-08-23	0.201065042801596	2.21499453635065	1.63090909090909	0.689350649350649	0.260546933922078	0	0	0	0
WT	2020-08-30	0.217482950986339	6.71433360688312	1.63090909090909	1.71325064935065	0.365414853922078	0	0	0	0
WT	2020-09-06	0.234288431135776	6.71433360688312	1.63090909090909	0.965050649350649	0.355684219922078	0	0	0	0
WT	2020-09-13	0.251701561421753	6.71433360688312	1.63090909090909	0.965050649350649	0.355684219922078	0	0	0	0
WT	2020-09-20	0.269477863537581	6.71433360688312	1.63090909090909	0.965050649350649	0.355684219922078	0	0	0	0
WT	2020-09-27	0.287762101124902	2.3487700351948	1.63090909090909	0.921450649350649	0.263200473922078	0	0	0	0
WT	2020-10-04	0.306834658948978	6.71433360688312	1.63090909090909	0.921450649350649	0.355684219922078	0	0	0	0
WT	2020-10-11	0.327325768843035	6.71433360688312	1.63090909090909	0.921450649350649	0.355684219922078	0	0	0	0
WT	2020-10-18	0.350551768306467	2.14739679062338	1.63090909090909	1.71325064935065	0.365414853922078	0	0	0	0
WT	2020-10-25	0.377106708810082	6.71433360688312	1.63090909090909	0.871850649350649	0.365414853922078	0	0	0	0
WT	2020-11-01	0.407189635202304	2.89527947483117	1.63090909090909	0.80675064935065	0.365414853922078	0	0	0	0
WT	2020-11-08	0.439806669824025	3.27393460183117	1.63090909090909	0.854150649350649	0.365414853922078	0	0	0	0
WT	2020-11-15	0.473410340668171	1.96033544906494	1.63090909090909	0.944650649350649	0.365414853922078	0	0	0	0
WT	2020-11-22	0.507430340269146	3.02383634983117	1.63090909090909	1.22305064935065	0.365414853922078	0	0	0	0
WT	2020-11-29	0.541642980945069	2.14739679062338	1.63090909090909	0.965050649350649	0.365414853922078	0	0	0	0
WT	2020-12-06	0.576966608008618	2.89527947483117	1.63090909090909	1.07965064935065	0.365414853922078	0	0	0	0
WT	2020-12-13	0.611393811211892	2.89527947483117	1.63090909090909	1.22305064935065	0.365414853922078	0	0	0	0
WT	2020-12-20	0.642545405577149	2.89527947483117	1.63090909090909	1.22305064935065	0.365414853922078	0	0	0	0
WT	2020-12-27	0.673723403039022	3.13081848883117	1.63090909090909	0.94675064935065	0.365414853922078	0	0	0	0
WT	2021-01-03	0.703897193093654	3.14868592283117	1.63090909090909	1.22305064935065	0.365414853922078	0	0	0	0
WT	2021-01-10	0.735328697599812	3.18803458183117	1.16090909090909	1.22305064935065	0.365414853922078	0	0	0	0
WT	2021-01-17	0.764614500591222	3.27393460183117	1.63090909090909	1.71325064935065	0.365414853922078	0	0	0	0
WT	2021-01-24	0.789604179154405	3.18803458183117	1.63090909090909	1.22305064935065	0.365414853922078	0	0	0	0
WT	2021-01-31	0.806841961135029	3.18803458183117	1.63090909090909	1.71325064935065	0.365414853922078	0	0	0	0
WT	2021-02-07	0.822823199339042	3.25652482283117	1.21090909090909	1.71325064935065	0.365414853922078	0	0	0	0
WT	2021-02-14	0.835231382173922	3.33452003118182	1.16090909090909	1.22305064935065	0.371070084922078	0	0	0	0
WT	2021-02-21	0.845237251463982	3.27393460183117	1.21090909090909	1.15665064935065	0.371070084922078	0	0	0	0
WT	2021-02-28	0.854434157325655	3.52031477698701	1.16090909090909	1.65495064935065	0.371070084922078	0	0	0	0
WT	2021-03-07	0.863130897044671	3.26781570883117	0.970909090909091	1.65495064935065	0.371070084922078	0	0	0	0
WT	2021-03-14	0.870879967849828	3.52031477698701	1.63090909090909	1.65495064935065	0.371070084922078	0	0	0	0
WT	2021-03-21	0.878654344171937	3.27393460183117	1.21090909090909	1.65495064935065	0.371070084922078	0	0	0	0
WT	2021-03-28	0.886802783450613	3.35852646583117	1.21090909090909	1.65495064935065	0.371070084922078	0	0	0	0
WT	2021-04-04	0.896255625060516	3.36719082183117	1.21090909090909	1.65495064935065	0.371070084922078	0	0	0	0
WT	2021-04-11	0.906419989048229	3.36719082183117	1.21090909090909	1.21905064935065	0.371070084922078	0	0	0	0
WT	2021-04-25	0.925778448467758	3.52031477698701	1.21090909090909	1.15665064935065	0.399744948922078	0	0	0	0
WT	2021-05-02	0.935318635462346	3.54605998083117	1.24090909090909	1.48375064935065	0.371070084922078	0	0	0	0
WT	2021-05-09	0.943785044803552	3.55046168683117	1.21090909090909	1.21905064935065	0.371070084922078	0	0	0	0
WT	2021-05-16	0.950844627656636	3.68035773983117	1.21090909090909	1.48375064935065	0.371070084922078	0	0	0	0
WT	2021-05-23	0.956925641513222	3.55046168683117	1.21090909090909	1.48375064935065	0.399744948922078	0	0	0	0
WT	2021-05-30	0.96175908935339	3.55046168683117	1.21090909090909	1.32585064935065	0.371070084922078	0	0	0	0
WT	2021-06-06	0.966181081039943	3.55046168683117	1.21090909090909	1.48375064935065	0.371070084922078	0	0	0	0
WT	2021-06-13	0.970182320703055	3.68035773983117	1.21090909090909	1.48375064935065	0.399744948922078	0	0	0	0
WT	2021-06-20	0.974291133519919	3.68035773983117	1.21090909090909	1.48375064935065	0.385841311922078	0	0	0	0
WT	2021-06-27	0.977486644420581	3.68035773983117	1.21090909090909	1.48375064935065	0.385841311922078	0	0	0	0
WT	2021-07-04	0.980481174033874	3.68035773983117	1.21090909090909	1.32585064935065	0.399744948922078	0	0	0	0
WT	2021-07-11	0.982970177064692	3.68035773983117	1.21090909090909	1.48375064935065	0.385841311922078	0	0	0	0
WT	2021-07-18	0.985886936870902	3.74197847883117	1.21090909090909	1.48375064935065	0.385841311922078	0	0	0	0
WT	2021-07-25	0.987582943451297	3.74197847883117	1.21090909090909	1.48375064935065	0.399744948922078	0	0	0	0
WT	2021-08-01	0.988857939882002	3.74197847883117	1.21090909090909	1.48375064935065	0.385841311922078	0	0	0	0
WT	2021-08-08	0.991582202239348	3.74197847883117	1.21090909090909	1.48375064935065	0.399744948922078	0	0	0	0
WT	2021-08-15	0.992847255769639	3.74197847883117	1.21090909090909	1.48375064935065	0.399744948922078	0	0	0	0
WT	2021-08-29	0.995343231922287	3.74197847883117	1.21090909090909	1.48375064935065	0.385841311922078	0	0	0	0
WT	2021-09-12	0.995977723498825	3.74197847883117	1.21090909090909	0.884750649350649	0.385841311922078	0	0	0	0
WT	2021-09-19	0.996229440429615	3.74197847883117	1.21090909090909	0.884750649350649	0.385841311922078	0	0	0	0
WT	2021-04-18	0.916186691603811	3.46283206283117	1.21090909090909	1.15665064935065	0.371070084922078	0	0	0	0
WT	2021-08-22	0.994860972306211	3.74197847883117	1.21090909090909	1.48375064935065	0.399744948922078	0	0	0	0
WT	2021-09-05	0.995707579563036	3.74197847883117	1.21090909090909	1.32645064935065	0.385841311922078	0	0	0	0
Alpha	2020-11-15	0.00308410976872742	0.375753944080134	0.20195325542571	0.438783639398999	0.0236915464974958	0	0	0	0
Alpha	2020-11-22	0.00521563573853508	0.375753944080134	0.20195325542571	0.355083639398998	0.0236915464974958	0	0	0	0
Alpha	2020-11-29	0.00785018290042511	0.393579830928214	0.20195325542571	0.338383639398998	0.0236915464974958	0	0	0	0
Alpha	2020-12-06	0.00994175402749176	0.430508204928214	0.20195325542571	0.573683639398999	0.0236915464974958	0	0	0	0
Alpha	2020-12-13	0.016507335642114	0.690479318928213	0.38195325542571	0.975083639398998	0.0236915464974958	0	0	0	0
Alpha	2020-12-20	0.0287266010065659	0.539369756928214	0.22195325542571	0.931483639398998	0.333814023497496	0	0	0	0
Alpha	2020-12-27	0.0401159929906239	0.690479318928213	0.38195325542571	0.643283639398998	0.0905458614974958	0	0	0	0
Alpha	2021-01-03	0.0558329636913635	0.720981502263773	0.38195325542571	0.931483639398998	0.333814023497496	0	0	0	0
Alpha	2021-01-10	0.0729970554567519	0.861822904928214	0.43195325542571	0.791583639398998	0.333814023497496	0	0	0	0
Alpha	2021-01-17	0.0941532921113684	0.720981502263773	0.68195325542571	0.975083639398998	0.333814023497496	0	0	0	0
Alpha	2021-01-24	0.116574843904662	0.826023033928214	0.471953255425709	0.791583639398998	0.333814023497496	0	0	0	0
Alpha	2021-01-31	0.144327018273863	0.901899331928213	0.68195325542571	0.888483639398999	0.333814023497496	0	0	0	0
Alpha	2021-02-07	0.166337536864871	0.720981502263773	0.43195325542571	0.920683639398999	0.333814023497496	0	0	0	0
Alpha	2021-02-14	0.188130339499306	0.829438995263773	0.38195325542571	0.931483639398998	0.333814023497496	0	0	0	0
Alpha	2021-02-21	0.211756074600579	1.30022430592821	0.43195325542571	1.167683639399	0.333814023497496	0	0	0	0
Alpha	2021-02-28	0.23699623002629	1.30022430592821	0.68195325542571	1.167683639399	0.333814023497496	0	0	0	0
Alpha	2021-03-07	0.26575874398355	1.50071372492821	0.52195325542571	1.167683639399	0.333814023497496	0	0	0	0
Alpha	2021-03-14	0.299585412608674	1.30022430592821	0.68195325542571	0.920683639398999	0.333814023497496	0	0	0	0
Alpha	2021-03-21	0.339490225269342	1.59077520092821	0.68195325542571	1.550083639399	0.333896323497496	0	0	0	0
Alpha	2021-03-28	0.38490902806519	1.51060341062938	0.68195325542571	1.167683639399	0.333814023497496	0	0	0	0
Alpha	2021-04-04	0.434398834933946	1.55363075392821	0.68195325542571	1.167683639399	0.347851018497496	0	0	0	0
Alpha	2021-04-11	0.48968683963499	1.102845729399	0.55195325542571	1.167683639399	0.347851018497496	0	0	0	0
Alpha	2021-04-18	0.553729667813975	2.83144368392821	0.55195325542571	1.167683639399	0.347851018497496	0	0	0	0
Alpha	2021-04-25	0.623139986518016	1.102845729399	0.55195325542571	1.167683639399	0.347851018497496	0	0	0	0
Alpha	2021-05-02	0.693154341670314	1.102845729399	0.68195325542571	1.810283639399	0.347851018497496	0	0	0	0
Alpha	2021-05-09	0.758514450859424	1.102845729399	0.68195325542571	1.810283639399	0.347851018497496	0	0	0	0
Alpha	2021-05-16	0.817988594948361	1.102845729399	0.68195325542571	1.167683639399	0.347851018497496	0	0	0	0
Alpha	2021-05-23	0.865808138048605	1.102845729399	0.68195325542571	0.975083639398998	0.347851018497496	0	0	0	0
Alpha	2021-05-30	0.901282248537643	1.102845729399	0.68195325542571	1.810283639399	0.347851018497496	0	0	0	0
Alpha	2021-06-06	0.926524642878857	1.10781703926377	0.55195325542571	1.810283639399	0.347851018497496	0	0	0	0
Alpha	2021-06-13	0.94631877122949	1.39746463792821	0.43195325542571	1.810283639399	0.347851018497496	0	0	0	0
Alpha	2021-06-20	0.962099040937448	1.292399137399	0.43195325542571	1.810283639399	0.347851018497496	0	0	0	0
Alpha	2021-06-27	0.972412737601316	1.292399137399	0.55195325542571	0.975083639398998	0.347851018497496	0	0	0	0
Alpha	2021-07-04	0.97957974372791	1.292399137399	0.471953255425709	0.975083639398998	0.347851018497496	0	0	0	0
Alpha	2021-07-11	0.985466990992442	1.292399137399	0.38195325542571	0.915483639398999	0.347851018497496	0	0	0	0
Alpha	2021-07-18	0.990093034428592	1.292399137399	0.38195325542571	0.975083639398998	0.347851018497496	0	0	0	0
Alpha	2021-07-25	0.993216078878003	1.292399137399	0.68195325542571	0.915483639398999	0.347851018497496	0	0	0	0
Alpha	2021-08-01	0.995514373395229	1.292399137399	0.38195325542571	0.975083639398998	0.347851018497496	0	0	0	0
Alpha	2021-08-08	0.996644936139659	1.292399137399	0.40195325542571	0.668783639398999	0.347851018497496	0	0	0	0
Alpha	2021-08-15	0.998618148165963	0.672551404928214	0.28195325542571	0.731683639398998	0.333814023497496	0	0	0	0
Alpha	2021-08-22	0.999093303068541	1.292399137399	0.28195325542571	0.639183639398999	0.347851018497496	0	0	0	0
Delta	2021-03-14	0.000708762438849284	1.01790577414464	0.276084788029925	0.690617456359102	0.076297781127182	0	0	0	0
Delta	2021-03-21	0.000765023119240297	1.17356559417207	0.00608478802992519	0.704617456359102	0.00198519612718205	0	0	0	0
Delta	2021-03-28	0.000814650960121578	1.37564390427681	0.00608478802992519	0.256517456359102	0	0	0	0	0
Delta	2021-04-04	0.000932820865548674	1.32404881048629	0.276084788029925	0.433717456359102	0.130001205127182	0	0	0	0
Delta	2021-04-11	0.00127999995949561	1.85149026621446	0.00608478802992519	0.507717456359102	0.130001205127182	0	0	0	0
Delta	2021-04-18	0.00192512099958093	1.32404881048629	0.166084788029925	0.535217456359102	0.076297781127182	0	0	0	0
Delta	2021-04-25	0.0031753498133228	1.41673308345636	0.276084788029925	0.881417456359102	0.130001205127182	0	0	0	0
Delta	2021-05-02	0.00482554946501859	1.33069269377556	0.196084788029925	0.671317456359102	0.134640631127182	0	0	0	0
Delta	2021-05-09	0.00757293248361691	2.84711104521446	1.05608478802992	0.874317456359102	0.333393327127182	0	0	0	0
Delta	2021-05-16	0.0105971715978155	1.16403279361596	0.246084788029925	0.690617456359102	0.130001205127182	0	0	0	0
Delta	2021-05-23	0.0154084149774878	3.51217830161097	1.05608478802992	1.1110174563591	0.130001205127182	0	0	0	0
Delta	2021-05-30	0.0231531633858684	1.35137502070075	1.05608478802992	1.0858174563591	0.134640631127182	0	0	0	0
Delta	2021-06-06	0.032392351618067	1.35137502070075	1.05608478802992	0.808517456359102	0.333393327127182	0	0	0	0
Delta	2021-06-13	0.0420818633218507	1.49488603210973	1.05608478802992	1.0858174563591	0.333393327127182	0	0	0	0
Delta	2021-06-20	0.0527983234498841	2.0334929445611	1.18608478802993	1.3681174563591	0.343329900127182	0	0	0	0
Delta	2021-06-27	0.0680415121777466	3.26732983921446	1.18608478802993	1.1110174563591	0.343329900127182	0	0	0	0
Delta	2021-07-04	0.0876468759394746	1.75504165910973	1.18608478802993	1.3681174563591	0.343329900127182	0	0	0	0
Delta	2021-07-11	0.11159989087346	3.61985953736908	1.33608478802992	1.3681174563591	0.333393327127182	0	0	0	0
Delta	2021-07-18	0.138933930325116	3.50529666321446	1.18608478802993	1.3681174563591	0.343329900127182	0	0	0	0
Delta	2021-07-25	0.171144366241067	3.11238208421446	1.18608478802993	1.3681174563591	0.343329900127182	0	0	0	0
Delta	2021-08-01	0.206847933608368	1.56422256737905	1.18608478802993	1.3681174563591	0.343329900127182	0	0	0	0
Delta	2021-08-08	0.244038357419119	3.26732983921446	1.18608478802993	1.6677174563591	0.343329900127182	0	0	0	0
Delta	2021-08-15	0.283753123445761	1.56422256737905	1.05608478802992	1.8606174563591	0.333393327127182	0	0	0	0
Delta	2021-08-22	0.323999739155284	1.85149026621446	1.14608478802993	1.8606174563591	0.333393327127182	0	0	0	0
Delta	2021-08-29	0.365476009058697	1.60989138848629	1.14608478802993	1.8606174563591	0.333393327127182	0	0	0	0
Delta	2021-09-05	0.405069965431427	2.03025394700748	1.05608478802992	1.8606174563591	0.333393327127182	0	0	0	0
Delta	2021-09-12	0.442062512962426	1.67537008950374	1.05608478802992	1.8606174563591	0.333393327127182	0	0	0	0
Delta	2021-09-19	0.476441458223097	1.67537008950374	1.05608478802992	1.8606174563591	0.333393327127182	0	0	0	0
Delta	2021-09-26	0.508350768925747	1.67537008950374	1.05608478802992	1.4225174563591	0.333393327127182	0	0	0	0
Delta	2021-10-03	0.538053733672049	1.67537008950374	1.05608478802992	1.8606174563591	0.333393327127182	0	0	0	0
Delta	2021-10-10	0.565892129473635	1.71243893900748	1.14608478802993	2.1085174563591	0.333393327127182	0	0	0	0
Delta	2021-10-17	0.593410932596214	2.02574513040399	1.14608478802993	2.1085174563591	0.333393327127182	0	0	0	0
Delta	2021-10-24	0.621494091547679	2.02574513040399	1.05608478802992	2.1085174563591	0.333393327127182	0	0	0	0
Delta	2021-10-31	0.650504521937149	2.09845939340399	1.05608478802992	1.4225174563591	0.333393327127182	0	0	0	0
Delta	2021-11-07	0.680992865212409	2.09845939340399	1.14608478802993	2.1085174563591	0.333393327127182	0	0	0	0
Delta	2021-11-14	0.713780976042948	2.20016459617456	1.14608478802993	2.1085174563591	0.333393327127182	0	0	0	0
Delta	2021-11-21	0.749249206390414	2.20016459617456	1.14608478802993	2.1085174563591	0.333393327127182	0	0	0	0
Delta	2021-11-28	0.787068055751177	2.20016459617456	1.05608478802992	2.1085174563591	0.333393327127182	0	0	0	0
Delta	2021-12-05	0.826093233959203	2.20016459617456	1.14608478802993	2.1085174563591	0.333393327127182	0	0	0	0
Delta	2021-12-12	0.865829628454391	2.20016459617456	1.05608478802992	2.1085174563591	0.333393327127182	0	0	0	0
Delta	2021-12-19	0.903823310804001	2.20016459617456	1.14608478802993	2.1085174563591	0.333393327127182	0	0	0	0
Delta	2021-12-26	0.936821709885139	2.09845939340399	1.05608478802992	2.1085174563591	0.333393327127182	0	0	0	0
Delta	2022-01-02	0.963793580536612	3.14006416980798	1.05608478802992	2.1085174563591	0.333393327127182	0	0	0	0
Delta	2022-01-09	0.982690244461303	2.03025394700748	1.05608478802992	1.0418174563591	0.333393327127182	0	0	0	0
Delta	2022-01-16	0.991750170460828	2.20016459617456	1.05608478802992	0.911217456359102	0.333393327127182	0	0	0	0
Delta	2022-01-23	0.995906592074102	1.51194406840399	0.866084788029925	0.911517456359102	0.333393327127182	0	0	0	0
Delta	2022-01-30	0.997957072180471	1.36501608661596	0.866084788029925	0.819417456359102	0.333393327127182	0	0	0	0
Delta	2022-02-06	0.998915808652015	1.30095771240399	0.866084788029925	0.806417456359102	0.333393327127182	0	0	0	0
BA.1	2021-11-28	0.000257358641164343	1.33835302002186	0.147404371584699	0.280370765027323	0.0160043360437158	0	0	0	0
BA.1	2021-12-05	0.000508679444731826	4.67840559943169	0.4174043715847	0.655270765027322	0.0827230240437158	0	0	0	0
BA.1	2021-12-12	0.00176111648328128	4.3327607698142	0.4174043715847	0.280370765027323	0.106825196043716	0	0	0	0
BA.1	2021-12-19	0.00859454026178699	4.3327607698142	0.4174043715847	0.392170765027322	0.106825196043716	0	0	0	0
BA.1	2021-12-26	0.0335672384297049	4.3327607698142	0.5974043715847	0.406370765027322	0.106825196043716	0	0	0	0
BA.1	2022-01-02	0.0900195690873214	4.67840559943169	0.5974043715847	0.655270765027322	0.106825196043716	0	0	0	0
BA.1	2022-01-09	0.184119982058643	4.67840559943169	0.907404371584699	0.655270765027322	0.106825196043716	0	0	0	0
BA.1	2022-01-16	0.314300329724115	4.04047413538251	0.907404371584699	0.662470765027322	0.268723206043716	0	0	0	0
BA.1	2022-01-23	0.458895095461964	4.5706655556612	0.907404371584699	0.662470765027322	0.268723206043716	0	0	0	0
BA.1	2022-01-30	0.599187493574353	4.27332271861202	0.907404371584699	0.662470765027322	0.268723206043716	0	0	0	0
BA.1	2022-02-06	0.715858179083789	4.5706655556612	0.6774043715847	0.662470765027322	0.268723206043716	0	0	0	0
BA.1	2022-02-13	0.804897397651677	3.81411505877049	0.7574043715847	0.443070765027322	0.268723206043716	0	0	0	0
BA.1	2022-02-20	0.865301286558198	3.81411505877049	0.7574043715847	0.662470765027322	0.268723206043716	0	0	0	0
BA.1	2022-02-27	0.908532232314362	3.73569685800546	0.907404371584699	0.662470765027322	0.268723206043716	0	0	0	0
BA.1	2022-03-06	0.938459487567132	3.52319825177596	0.907404371584699	0.502870765027322	0.268723206043716	0	0	0	0
BA.1	2022-03-13	0.960543240070972	3.5762102729235	0.907404371584699	0.662470765027322	0.268723206043716	0	0	0	0
BA.1	2022-03-20	0.974839600265468	3.81411505877049	0.907404371584699	0.443070765027322	0.268723206043716	0	0	0	0
BA.1	2022-03-27	0.984544042256256	2.98974489133333	0.7574043715847	0.662470765027322	0.268723206043716	0	0	0	0
BA.1	2022-04-03	0.99093593292821	2.75935219633333	0.7574043715847	0.662470765027322	0.268723206043716	0	0	0	0
BA.1	2022-04-10	0.995108688960983	3.31743009321311	0.6774043715847	0.502870765027322	0.268723206043716	0	0	0	0
BA.1	2022-04-17	0.997114635524609	2.75935219633333	0.7574043715847	0.406370765027322	0.268723206043716	0	0	0	0
BA.1	2022-04-24	0.99808471950222	1.92596638142076	0.6774043715847	0.366470765027322	0.106825196043716	0	0	0	0
BA.1	2022-05-01	0.998618288443587	1.50393989113115	0.7574043715847	0.377970765027322	0.0680557830437158	0	0	0	0
BA.1	2022-05-08	0.998933307588782	1.62612067319126	0.7574043715847	0.502870765027322	0.102074978043716	0	0	0	0
BA.1	2022-05-15	0.99924792436393	2.75935219633333	0.6774043715847	0.287570765027322	0.102074978043716	0	0	0	0
BA.2	2021-12-19	0.00012088124044084	2.2251680867554	0.217338129496403	2.35302877697842	0.059943863647482	0	0	0	0
BA.2	2021-12-26	0.000539977453772776	4.86209060847482	0.457338129496403	2.32978877697842	0.189862819647482	0	0	0	0
BA.2	2022-01-02	0.00270805238175926	3.95593009541727	0.337338129496403	2.47462877697842	0.059943863647482	0	0	0	0
BA.2	2022-01-09	0.00881978614622216	8.8570780317482	0.657338129496403	2.35302877697842	0.509290018647482	0	0	0	0
BA.2	2022-01-16	0.0184836564962861	8.8570780317482	0.337338129496403	2.35942877697842	0.326206751647482	0	0	0	0
BA.2	2022-01-23	0.0351465183533342	8.8570780317482	0.567338129496403	2.39023877697842	0.062726671647482	0	0	0	0
BA.2	2022-01-30	0.0567613527961845	8.8570780317482	0.497338129496403	2.39023877697842	0.101113310647482	0	0	0	0
BA.2	2022-02-06	0.0857875576684096	8.8570780317482	0.457338129496403	2.58112877697842	0.101113310647482	0	0	0	0
BA.2	2022-02-13	0.118135895447524	8.8570780317482	0.907338129496403	2.43006877697842	0.072031930647482	0	0	0	0
BA.2	2022-02-20	0.15928074717059	8.8570780317482	0.617338129496403	2.47285877697842	0.261426624647482	0	0	0	0
BA.2	2022-02-27	0.205908864573029	3.76463891980575	0.567338129496403	2.47285877697842	0.101113310647482	0	0	0	0
BA.2	2022-03-06	0.265115799467337	4.04823151782734	0.617338129496403	2.46412877697842	0.101113310647482	0	0	0	0
BA.2	2022-03-13	0.337655286859214	6.40761751847482	0.907338129496403	2.58112877697842	0.681541970647482	0	0	0	0
BA.2	2022-03-20	0.420524995755253	3.83319885747482	0.907338129496403	2.58112877697842	0.261426624647482	0	0	0	0
BA.2	2022-03-27	0.502278263066942	4.06858149482734	0.907338129496403	2.58112877697842	0.261426624647482	0	0	0	0
BA.2	2022-04-03	0.573366977121652	4.25966648980575	0.907338129496403	2.58112877697842	0.261426624647482	0	0	0	0
BA.2	2022-04-10	0.631865764135921	4.26231992182734	0.907338129496403	2.53802877697842	0.261426624647482	0	0	0	0
BA.2	2022-04-17	0.679511404435405	5.49681699447482	0.907338129496403	2.58112877697842	0.495440962647482	0	0	0	0
BA.2	2022-04-24	0.718905989804351	5.36737009166187	0.907338129496403	2.58112877697842	0.261426624647482	0	0	0	0
BA.2	2022-05-01	0.752094294288805	4.26231992182734	0.907338129496403	2.53802877697842	0.261426624647482	0	0	0	0
BA.2	2022-05-08	0.78216640732289	5.42729322547482	0.907338129496403	2.53802877697842	0.261426624647482	0	0	0	0
BA.2	2022-05-15	0.809876598074558	5.61921314547482	0.907338129496403	2.58112877697842	0.481325823647482	0	0	0	0
BA.2	2022-05-22	0.835394341259999	5.42729322547482	0.907338129496403	2.52852877697842	0.261426624647482	0	0	0	0
BA.2	2022-05-29	0.857580646857447	5.42729322547482	0.907338129496403	2.52852877697842	0.261426624647482	0	0	0	0
BA.2	2022-06-05	0.876799701572013	5.69897363147482	0.907338129496403	2.58112877697842	0.261426624647482	0	0	0	0
BA.2	2022-06-12	0.894051130840121	5.42729322547482	0.907338129496403	2.54792877697842	0.261426624647482	0	0	0	0
BA.2	2022-06-19	0.908641774782853	5.42729322547482	0.907338129496403	2.58092877697842	0.495440962647482	0	0	0	0
BA.2	2022-06-26	0.920494196534698	5.42729322547482	0.907338129496403	2.58092877697842	0.310409773647482	0	0	0	0
BA.2	2022-07-03	0.930393399752463	5.69897363147482	0.907338129496403	2.54792877697842	0.310409773647482	0	0	0	0
BA.2	2022-07-10	0.938643005123208	5.36737009166187	0.907338129496403	2.58092877697842	0.261426624647482	0	0	0	0
BA.2	2022-07-17	0.944864414939245	5.42729322547482	0.907338129496403	2.58092877697842	0.307845484647482	0	0	0	0
BA.2	2022-07-24	0.949071615013943	5.42729322547482	0.907338129496403	2.58092877697842	0.310409773647482	0	0	0	0
BA.2	2022-07-31	0.951768828357882	5.42729322547482	0.907338129496403	2.54792877697842	0.310409773647482	0	0	0	0
BA.2	2022-08-07	0.953477220952762	5.69897363147482	0.907338129496403	2.54792877697842	0.391248733647482	0	0	0	0
BA.2	2022-08-14	0.954647191492965	5.42729322547482	0.807338129496403	2.51562877697842	0.310409773647482	0	0	0	0
BA.2	2022-08-21	0.955449618022486	5.29888802647482	0.907338129496403	2.48252877697842	0.495440962647482	0	0	0	0
BA.2	2022-08-28	0.956089685441166	5.25599296071942	0.857338129496403	2.48252877697842	0.495440962647482	0	0	0	0
BA.2	2022-09-04	0.95656967964426	5.52421927447482	0.857338129496403	2.48591877697842	0.495440962647482	0	0	0	0
BA.2	2022-09-11	0.957066275316253	5.69208220847482	0.857338129496403	2.51562877697842	0.516158981647482	0	0	0	0
BA.2	2022-09-18	0.95762385569293	5.69208220847482	0.857338129496403	2.58092877697842	0.516158981647482	0	0	0	0
BA.2	2022-09-25	0.958253387598644	5.81696446547482	0.857338129496403	2.48591877697842	0.516158981647482	0	0	0	0
BA.2	2022-10-02	0.95895304032037	5.69208220847482	0.857338129496403	2.48591877697842	0.516158981647482	0	0	0	0
BA.2	2022-10-16	0.96071117283749	5.84159463747482	0.857338129496403	2.41748877697842	0.516158981647482	0	0	0	0
BA.2	2022-10-23	0.96166245787698	5.95214888297122	0.857338129496403	2.48252877697842	0.516158981647482	0	0	0	0
BA.2	2022-10-30	0.962628501655059	5.90284172847482	1.0773381294964	2.41748877697842	0.610737666647482	0	0	0	0
BA.2	2022-11-06	0.963698462565116	6.0582352327554	1.0773381294964	2.41748877697842	0.547256889647482	0	0	0	0
BA.2	2022-11-13	0.964869327144731	5.96240314047482	0.857338129496403	2.41748877697842	0.547256889647482	0	0	0	0
BA.2	2022-11-20	0.966380551513621	6.19337407747482	1.0773381294964	2.41748877697842	0.582685248647482	0	0	0	0
BA.2	2022-12-04	0.970005069417269	6.32062706647482	1.0773381294964	2.61648877697842	0.610737666647482	0	0	0	0
BA.2	2022-12-11	0.972464839341867	6.32062706647482	1.0773381294964	2.61648877697842	0.610737666647482	0	0	0	0
BA.2	2022-12-18	0.975278004204841	6.32062706647482	1.0773381294964	2.50029877697842	0.582685248647482	0	0	0	0
BA.2	2022-12-25	0.978057880597162	6.22928632947482	1.0773381294964	2.50029877697842	0.610737666647482	0	0	0	0
BA.2	2023-01-08	0.983795554484911	6.32062706647482	0.857338129496403	2.45273877697842	0.610737666647482	0	0	0	0
BA.2	2023-04-09	0.997070270315556	6.49302940147482	0.857338129496403	2.39793877697842	0.547256889647482	0	0	0	0
BA.2	2023-04-23	0.99779950490728	6.54502591347482	0.857338129496403	2.50076877697842	0.672477574647482	0	0	0	0
BA.2	2022-10-09	0.95981001334179	5.69208220847482	0.857338129496403	2.34232877697842	0.610737666647482	0	0	0	0
BA.2	2022-11-27	0.968070179439258	6.0582352327554	1.0773381294964	2.61648877697842	0.610737666647482	0	0	0	0
BA.2	2023-01-01	0.980964653336245	6.32062706647482	0.857338129496403	2.61648877697842	0.610737666647482	0	0	0	0
BA.2	2023-01-15	0.986151466597264	6.36731741647482	0.857338129496403	2.45273877697842	0.610737666647482	0	0	0	0
BA.2	2023-01-22	0.987890270411224	6.32062706647482	0.857338129496403	2.61648877697842	0.672477574647482	0	0	0	0
BA.2	2023-01-29	0.989323227532843	6.36731741647482	0.857338129496403	2.45273877697842	0.672477574647482	0	0	0	0
BA.2	2023-02-05	0.990567582478453	6.36731741647482	0.857338129496403	2.50029877697842	0.610737666647482	0	0	0	0
BA.2	2023-02-12	0.991644086605789	6.33322163247482	0.857338129496403	2.50029877697842	0.610737666647482	0	0	0	0
BA.2	2023-02-19	0.992663439353028	6.46656613865468	0.857338129496403	2.50076877697842	0.610737666647482	0	0	0	0
BA.2	2023-02-26	0.993623879779598	6.46656613865468	0.857338129496403	2.50029877697842	0.610737666647482	0	0	0	0
BA.2	2023-03-05	0.994496302111377	6.36731741647482	0.857338129496403	2.45273877697842	0.672477574647482	0	0	0	0
BA.2	2023-03-12	0.995033613493057	6.44337473347482	0.857338129496403	2.50076877697842	0.610737666647482	0	0	0	0
BA.2	2023-03-19	0.995613881083919	6.46656613865468	0.857338129496403	2.50076877697842	0.610737666647482	0	0	0	0
BA.2	2023-03-26	0.99610717761285	6.36731741647482	0.857338129496403	2.50076877697842	0.547256889647482	0	0	0	0
BA.2	2023-04-02	0.996637524227005	6.49302940147482	0.857338129496403	2.53014877697842	0.547256889647482	0	0	0	0
BA.2	2023-04-16	0.997455076719471	6.54502591347482	0.857338129496403	2.50076877697842	0.672477574647482	0	0	0	0
BA.2	2023-04-30	0.998125624705718	6.54502591347482	1.2373381294964	2.50076877697842	0.686517797647482	0	0	0	0
BA.4/5	2022-04-17	0.000772665365335384	1.30172314841293	0.0564179104477612	0.292176019900498	0.146601063069652	0	0	0	0
BA.4/5	2022-04-24	0.00102678912729191	0.839410516940298	0.0564179104477612	0.292176019900498	0.146601063069652	0	0	0	0
BA.4/5	2022-05-01	0.00155832164743042	2.26421457877114	0.00641791044776119	0.312276019900497	0.168409347069652	0	0	0	0
BA.4/5	2022-05-08	0.00232341642215414	1.78768245370149	0.0564179104477612	0.455276019900497	0.184855035069652	0	0	0	0
BA.4/5	2022-05-15	0.00358882867748769	1.70284609277114	0.0564179104477612	0.455276019900497	0.202279046069652	0	0	0	0
BA.4/5	2022-05-22	0.00570818656917866	3.20812851622885	0.166417910447761	0.455276019900497	0.184855035069652	0	0	0	0
BA.4/5	2022-05-29	0.00929028336110032	4.45553442964677	0.146417910447761	0.455276019900497	0.202279046069652	0	0	0	0
BA.4/5	2022-06-05	0.0158410093242574	5.06325519164677	0.166417910447761	0.455276019900497	0.202279046069652	0	0	0	0
BA.4/5	2022-06-12	0.0266761015043334	5.35877151264677	0.146417910447761	0.479876019900498	0.235247210069652	0	0	0	0
BA.4/5	2022-06-19	0.0461139949069887	5.35877151264677	0.146417910447761	0.479876019900498	0.202279046069652	0	0	0	0
BA.4/5	2022-06-26	0.0761567221584624	4.79740302664677	0.296417910447761	0.479876019900498	0.264042451069652	0	0	0	0
BA.4/5	2022-07-03	0.118143158179986	5.35877151264677	0.296417910447761	0.455276019900497	0.202279046069652	0	0	0	0
BA.4/5	2022-07-10	0.171124910446126	5.63045191864677	0.176417910447761	0.479876019900498	0.333070265069652	0	0	0	0
BA.4/5	2022-07-17	0.233427035650308	5.02891403913433	0.296417910447761	0.520076019900497	0.333070265069652	0	0	0	0
BA.4/5	2022-07-24	0.301421337699046	5.35877151264677	0.296417910447761	0.550876019900498	0.333070265069652	0	0	0	0
BA.4/5	2022-07-31	0.371226627199615	5.63045191864677	0.296417910447761	0.550876019900498	0.333070265069652	0	0	0	0
BA.4/5	2022-08-07	0.437230536164044	5.63045191864677	0.296417910447761	0.550876019900498	0.333070265069652	0	0	0	0
BA.4/5	2022-08-14	0.497555661799177	5.35877151264677	0.296417910447761	0.520076019900497	0.288231770069652	0	0	0	0
BA.4/5	2022-08-21	0.550385130217803	5.27992244264677	0.296417910447761	0.550876019900498	0.288231770069652	0	0	0	0
BA.4/5	2022-08-28	0.598076594265396	5.35877151264677	0.296417910447761	0.550876019900498	0.333070265069652	0	0	0	0
BA.4/5	2022-09-04	0.638220231200474	3.87846086496517	0.296417910447761	0.582276019900498	0.350494276069652	0	0	0	0
BA.4/5	2022-09-11	0.673045371144762	4.98440612164677	0.296417910447761	0.540176019900497	0.402096449069652	0	0	0	0
BA.4/5	2022-09-18	0.703740509992904	3.87846086496517	0.296417910447761	0.526476019900497	0.402096449069652	0	0	0	0
BA.4/5	2022-09-25	0.733695153955296	4.65454864813433	0.296417910447761	0.582276019900498	0.349779092069652	0	0	0	0
BA.4/5	2022-10-02	0.762127685843745	5.35877151264677	0.296417910447761	0.582276019900498	0.402096449069652	0	0	0	0
BA.4/5	2022-10-09	0.789118509569595	3.87846086496517	0.296417910447761	0.593026019900498	0.402096449069652	0	0	0	0
BA.4/5	2022-10-16	0.814070008699911	3.72359897413433	0.296417910447761	0.564276019900497	0.402096449069652	0	0	0	0
BA.4/5	2022-10-23	0.836044905350946	4.98440612164677	0.296417910447761	0.661276019900498	0.402096449069652	0	0	0	0
BA.4/5	2022-10-30	0.854766856914265	5.27992244264677	0.296417910447761	0.593026019900498	0.402096449069652	0	0	0	0
BA.4/5	2022-11-06	0.870860115177717	4.45553442964677	0.296417910447761	0.661276019900498	0.402096449069652	0	0	0	0
BA.4/5	2022-11-13	0.885816935417265	3.6158254670995	0.296417910447761	0.661276019900498	0.402096449069652	0	0	0	0
BA.4/5	2022-11-20	0.900548535392476	3.6158254670995	0.296417910447761	0.661276019900498	0.402096449069652	0	0	0	0
BA.4/5	2022-11-27	0.914870296283948	5.35877151264677	0.196417910447761	0.661276019900498	0.402096449069652	0	0	0	0
BA.4/5	2022-12-04	0.928165587301983	5.35877151264677	0.296417910447761	0.661276019900498	0.402096449069652	0	0	0	0
BA.4/5	2022-12-11	0.940994742055413	5.27992244264677	0.176417910447761	0.639876019900497	0.402096449069652	0	0	0	0
BA.4/5	2022-12-18	0.953369480281985	2.93545380145274	0.296417910447761	0.621476019900498	0.402096449069652	0	0	0	0
BA.4/5	2022-12-25	0.964353148520923	3.87846086496517	0.296417910447761	0.553266019900498	0.402096449069652	0	0	0	0
BA.4/5	2023-01-01	0.972636483198768	3.87846086496517	0.196417910447761	0.621476019900498	0.402096449069652	0	0	0	0
BA.4/5	2023-01-08	0.979997388372107	2.93545380145274	0.196417910447761	0.621476019900498	0.441891058069652	0	0	0	0
BA.4/5	2023-01-15	0.985796270029308	1.79134309134826	0.126417910447761	0.621476019900498	0.441891058069652	0	0	0	0
BA.4/5	2023-01-22	0.99001695347058	1.96961737745274	0.176417910447761	0.621476019900498	0.441891058069652	0	0	0	0
BA.4/5	2023-01-29	0.992613573272326	3.04567245245274	0.126417910447761	0.621476019900498	0.405839393069652	0	0	0	0
BA.4/5	2023-02-05	0.994475361946352	1.96961737745274	0.126417910447761	0.621476019900498	0.412032374069652	0	0	0	0
BA.4/5	2023-02-12	0.995802972902103	1.83306464198507	0.176417910447761	0.621476019900498	0.402096449069652	0	0	0	0
BA.4/5	2023-02-19	0.996802462451057	2.54119667898507	0.246417910447761	0.621476019900498	0.543956935069652	0	0	0	0
BA.4/5	2023-02-26	0.997573846089908	2.15772410698507	0.246417910447761	0.540176019900497	0.543956935069652	0	0	0	0
BA.4/5	2023-03-05	0.998085373291609	1.77688122779104	0.126417910447761	0.621476019900498	0.402096449069652	0	0	0	0
BA.4/5	2023-03-12	0.99846378593688	1.77688122779104	0.126417910447761	0.621476019900498	0.402096449069652	0	0	0	0
BQ.1	2022-09-11	0.00249762665210808	0.86299358200578	0.0495953757225434	0.306625895953757	0.0980660769132948	0	0	0	0
BQ.1	2022-09-18	0.00402650966072457	2.21211498024855	0	0.534525895953757	0.0980660769132948	0	0	0	0
BQ.1	2022-09-25	0.00708168531969702	2.71093947611561	0	0.534525895953757	0.154126377913295	0	0	0	0
BQ.1	2022-10-02	0.0128173566472722	2.56463499924856	0.0495953757225434	0.554625895953757	0.233957308913295	0	0	0	0
BQ.1	2022-10-09	0.0223458675124832	2.48578592924856	0.0495953757225434	0.534525895953757	0.203038489913295	0	0	0	0
BQ.1	2022-10-16	0.0362761704333638	3.66493568652023	0.0495953757225434	0.554625895953757	0.185399645913295	0	0	0	0
BQ.1	2022-10-23	0.0540692884413193	4.19704985811561	0.0895953757225433	0.554625895953757	0.256970005913295	0	0	0	0
BQ.1	2022-10-30	0.0755470239812559	6.01851921252023	0.0895953757225433	0.554625895953757	0.233957308913295	0	0	0	0
BQ.1	2022-11-06	0.103339577630996	3.66493568652023	0.0895953757225433	0.554625895953757	0.233957308913295	0	0	0	0
BQ.1	2022-11-13	0.139712599908335	3.66493568652023	0.0895953757225433	0.554625895953757	0.256970005913295	0	0	0	0
BQ.1	2022-11-20	0.186862433617079	4.61125790052023	0.139595375722543	0.554625895953757	0.233957308913295	0	0	0	0
BQ.1	2022-11-27	0.246422094663549	6.09736828252023	0.139595375722543	0.554625895953757	0.233957308913295	0	0	0	0
BQ.1	2022-12-04	0.3237438259822	6.09736828252023	0.139595375722543	0.554625895953757	0.256970005913295	0	0	0	0
BQ.1	2022-12-11	0.415127745451279	5.19413119952023	0.239595375722543	0.554625895953757	0.292243919913295	0	0	0	0
BQ.1	2022-12-18	0.516340962087118	3.99810831052023	0.889595375722543	0.554625895953757	0.236271801913295	0	0	0	0
BQ.1	2022-12-25	0.617224347833066	6.36904868852023	0.889595375722543	0.594725895953757	0.256970005913295	0	0	0	0
BQ.1	2023-01-01	0.711648967877873	3.66493568652023	0.889595375722543	0.594725895953757	0.292243919913295	0	0	0	0
BQ.1	2023-01-08	0.787075434966652	3.36941936552023	0.889595375722543	0.554625895953757	0.292243919913295	0	0	0	0
BQ.1	2023-01-15	0.845208888877442	2.56463499924856	0.889595375722543	0.594725895953757	0.292243919913295	0	0	0	0
BQ.1	2023-01-22	0.886518481193394	2.56463499924856	0.889595375722543	0.594725895953757	0.292243919913295	0	0	0	0
BQ.1	2023-01-29	0.914554463162733	2.56463499924856	0.889595375722543	0.594725895953757	0.292243919913295	0	0	0	0
BQ.1	2023-02-05	0.935066144197758	2.56463499924856	0.889595375722543	0.594725895953757	0.292243919913295	0	0	0	0
BQ.1	2023-02-12	0.950547015641529	4.47072080711561	0.889595375722543	0.594725895953757	0.292243919913295	0	0	0	0
BQ.1	2023-02-19	0.963421509396915	2.21211498024855	0.239595375722543	0.594725895953757	0.292243919913295	0	0	0	0
BQ.1	2023-02-26	0.972933116107422	1.45771229525433	0.239595375722543	0.554625895953757	0.292243919913295	0	0	0	0
BQ.1	2023-03-05	0.979589495360647	2.29874859412139	0.239595375722543	0.594725895953757	0.292243919913295	0	0	0	0
BQ.1	2023-03-12	0.98466065518186	1.5660965007341	0.239595375722543	0.594725895953757	0.292243919913295	0	0	0	0
BQ.1	2023-03-19	0.988277701425255	1.45771229525433	0.0895953757225433	0.554625895953757	0.233957308913295	0	0	0	0
BQ.1	2023-03-26	0.990972775038605	1.58885483225433	0.239595375722543	0.554625895953757	0.292243919913295	0	0	0	0
BQ.1	2023-04-02	0.993192444612787	1.45771229525433	0.239595375722543	0.554625895953757	0.292243919913295	0	0	0	0
XBB	2022-11-06	0.0137570727299399	1.13382527827622	0.814720279720279	0.389328800699301	0.0321010962727273	0	0	0	0
XBB	2022-11-13	0.017360193189214	2.93904516531818	0.734720279720279	0.271028800699301	0.0208438322727273	0	0	0	0
XBB	2022-11-20	0.0216924820124356	2.40991370116433	0.734720279720279	0.354548800699301	0.0357759942727273	0	0	0	0
XBB	2022-11-27	0.0276776923408443	2.67492484804545	0.894720279720279	0.399628800699301	0.158432025272727	0	0	0	0
XBB	2022-12-04	0.0364871945945005	2.93904516531818	0.734720279720279	0.334838800699301	0.0321010962727273	0	0	0	0
XBB	2022-12-11	0.0483420084336463	2.67492484804545	0.734720279720279	0.354548800699301	0.0371574612727273	0	0	0	0
XBB	2022-12-18	0.0614857667040256	2.93904516531818	0.904720279720279	0.527728800699301	0.270172456272727	0	0	0	0
XBB	2022-12-25	0.0749181046356508	2.93904516531818	1.07472027972028	0.527728800699301	0.270172456272727	0	0	0	0
XBB	2023-01-01	0.0903192742961189	2.93904516531818	1.07472027972028	0.493438800699301	0.0693505452727274	0	0	0	0
XBB	2023-01-08	0.1080014171226	2.93904516531818	1.07472027972028	0.422728800699301	0.318745339272727	0	0	0	0
XBB	2023-01-15	0.130262760972363	2.67492484804545	1.07472027972028	0.430878800699301	0.318745339272727	0	0	0	0
XBB	2023-01-22	0.154472655428889	2.67492484804545	1.07472027972028	0.422728800699301	0.0910399992727273	0	0	0	0
XBB	2023-01-29	0.179058720292421	2.93904516531818	1.07472027972028	0.527728800699301	0.318745339272727	0	0	0	0
XBB	2023-02-05	0.204069963890286	2.93904516531818	1.07472027972028	0.422728800699301	0.318745339272727	0	0	0	0
XBB	2023-02-12	0.231718438034386	2.93904516531818	1.07472027972028	0.486048800699301	0.318745339272727	0	0	0	0
XBB	2023-02-19	0.260707473264057	2.67492484804545	1.07472027972028	0.527728800699301	0.318745339272727	0	0	0	0
XBB	2023-02-26	0.291851365537719	2.93904516531818	1.07472027972028	0.527728800699301	0.318745339272727	0	0	0	0
XBB	2023-03-05	0.323932263374969	2.59385256526224	1.23472027972028	0.527728800699301	0.318745339272727	0	0	0	0
XBB	2023-03-12	0.354390136178817	2.59385256526224	1.07472027972028	0.527728800699301	0.318745339272727	0	0	0	0
XBB	2023-03-19	0.383921693114352	8.32017246737413	1.07472027972028	0.466898800699301	0.318745339272727	0	0	0	0
XBB	2023-03-26	0.412981885482358	2.52519987868881	1.07472027972028	0.527728800699301	0.318745339272727	0	0	0	0
XBB	2023-04-02	0.444731837465155	8.32017246737413	1.07472027972028	0.527728800699301	0.318745339272727	0	0	0	0
XBB	2023-04-09	0.47707123490314	8.32017246737413	1.07472027972028	0.492578800699301	0.318745339272727	0	0	0	0
XBB	2023-04-16	0.50917310391065	2.93904516531818	1.23472027972028	0.527728800699301	0.318745339272727	0	0	0	0
XBB	2023-04-23	0.541236934443429	3.15939942822028	1.07472027972028	0.514878800699301	0.318745339272727	0	0	0	0
XBB	2023-04-30	0.572466413182671	2.90688130723427	1.07472027972028	0.514878800699301	0.318745339272727	0	0	0	0
XBB	2023-05-07	0.60152552602388	2.73610392203846	1.07472027972028	0.514878800699301	0.318745339272727	0	0	0	0
XBB	2023-05-14	0.62611683011521	3.03030147122028	1.07472027972028	0.541378800699301	0.318745339272727	0	0	0	0
XBB	2023-05-21	0.646628465229193	9.44885134821328	1.40472027972028	0.514878800699301	0.338767905272727	0	0	0	0
XBB	2023-05-28	0.662786900415541	9.44885134821328	1.16472027972028	0.522538800699301	0.318745339272727	0	0	0	0
XBB	2023-06-04	0.677070079765337	9.44885134821328	1.40472027972028	0.531128800699301	0.318745339272727	0	0	0	0
XBB	2023-06-11	0.688072842791171	3.03030147122028	1.07472027972028	0.522538800699301	0.318745339272727	0	0	0	0
XBB	2023-06-18	0.698082341476061	3.15939942822028	1.40472027972028	0.588428800699301	0.338767905272727	0	0	0	0
XBB	2023-06-25	0.706568790350102	3.03030147122028	1.36472027972028	0.606058800699301	0.338767905272727	0	0	0	0
XBB	2023-07-02	0.715826180364483	3.03030147122028	1.36472027972028	0.539918800699301	0.338767905272727	0	0	0	0
XBB	2023-07-09	0.725016733580486	3.03030147122028	1.40472027972028	0.531128800699301	0.318745339272727	0	0	0	0
XBB	2023-07-16	0.735473766839631	2.73610392203846	1.40472027972028	0.554208800699301	0.338767905272727	0	0	0	0
XBB	2023-07-23	0.748339678377281	3.03030147122028	1.40472027972028	0.606058800699301	0.318745339272727	0	0	0	0
XBB	2023-07-30	0.769733076635653	3.15939942822028	1.40472027972028	0.588428800699301	0.318745339272727	0	0	0	0
XBB	2023-08-06	0.789124787129616	3.03030147122028	1.40472027972028	0.606058800699301	0.372242727272727	0	0	0	0
XBB	2023-08-13	0.808094286384062	3.15939942822028	1.40472027972028	0.588428800699301	0.318745339272727	0	0	0	0
XBB	2023-08-20	0.821409639173909	3.34892272737413	1.50472027972028	0.588428800699301	0.372242727272727	0	0	0	0
XBB	2023-08-27	0.838245126051891	3.34892272737413	1.40472027972028	0.606058800699301	0.318745339272727	0	0	0	0
XBB	2023-09-03	0.854325944725539	5.30310562527622	1.40472027972028	0.628438800699301	0.372242727272727	0	0	0	0
XBB	2023-09-10	0.86650569839245	4.02521602612238	1.56472027972028	0.628438800699301	0.372242727272727	0	0	0	0
XBB	2023-09-17	0.875194908991709	5.30310562527622	1.56472027972028	0.606058800699301	0.372242727272727	0	0	0	0
XBB	2023-09-24	0.882431130516197	5.30310562527622	1.50472027972028	0.671768800699301	0.372242727272727	0	0	0	0
XBB	2023-10-01	0.89022044634658	5.30310562527622	1.56472027972028	0.668538800699301	0.372242727272727	0	0	0	0
XBB	2023-10-08	0.898051024923363	5.56383358292657	1.56472027972028	0.668538800699301	0.372242727272727	0	0	0	0
XBB	2023-10-15	0.905506398935066	5.51719402927622	1.50472027972028	0.668538800699301	0.372242727272727	0	0	0	0
XBB	2023-10-22	0.912537818901046	5.66633690527622	1.50472027972028	0.6263388006993	0.372242727272727	0	0	0	0
XBB	2023-10-29	0.919573091270432	5.66633690527622	1.56472027972028	0.671768800699301	0.372242727272727	0	0	0	0
XBB	2023-11-05	0.926916887925981	5.66633690527622	1.50472027972028	0.709858800699301	0.372569474272727	0	0	0	0
XBB	2023-11-12	0.935210658586514	5.51719402927622	1.56472027972028	0.709858800699301	0.372569474272727	0	0	0	0
XBB	2023-11-19	0.944282588664557	5.66633690527622	1.56472027972028	0.671768800699301	0.372569474272727	0	0	0	0
XBB	2023-11-26	0.954150838177711	5.66633690527622	1.50472027972028	0.709858800699301	0.389536358272727	0	0	0	0
XBB	2023-12-03	0.964172912896115	5.66633690527622	1.56472027972028	0.709858800699301	0.389536358272727	0	0	0	0
XBB	2023-12-31	0.993110865846972	5.51719402927622	1.50472027972028	0.709858800699301	0.318745339272727	0	0	0	0
XBB	2024-01-07	0.995750383868132	9.92147561103845	1.40472027972028	0.709858800699301	0.389536358272727	0	0	0	0
XBB	2024-01-14	0.997372878642854	5.51719402927622	1.56472027972028	0.668538800699301	0.372569474272727	0	0	0	0
XBB	2024-01-21	0.998371608943677	5.51719402927622	1.56472027972028	0.628438800699301	0.290195022272727	0	0	0	0
XBB	2023-12-10	0.973928022496928	5.66633690527622	1.50472027972028	0.709858800699301	0.389536358272727	0	0	0	0
XBB	2023-12-17	0.982444862272793	9.92147561103845	1.40472027972028	0.709858800699301	0.389536358272727	0	0	0	0
XBB	2023-12-24	0.988950151483964	10.1854306530385	1.50472027972028	0.668538800699301	0.389536358272727	0	0	0	0
XBB	2024-01-28	0.99893833864554	3.25394265915734	1.30472027972028	0.709858800699301	0.389536358272727	0	0	0	0
XBB	2022-10-30	0.0110307239749857	1.19459729266084	0.734720279720279	0.271028800699301	0	0	0	0	0
XBB	2022-10-23	0.0090828513237512	1.39940117333217	0.734720279720279	0.271028800699301	0.0158531572727273	0	0	0	0
XBB	2022-10-09	0.00460747416609303	2.67492484804545	0.734720279720279	0.522538800699301	0.0693505452727274	0	0	0	0
XBB	2022-10-16	0.00681353988191197	2.93904516531818	1.07472027972028	0.383378800699301	0.0358757232727273	0	0	0	0
XBB	2022-10-02	0.00239642645733986	0.923086330709791	0	0.155528800699301	0.0208438322727273	0	0	0	0
