VOC	Date	InfectionProportion	HaploMax_AntigenicDistanceABS	HaploMax_ChangeACE2binding	HaploMax_ChangeCellEntry	HaploMax_ChangeImmuneEscape	AdvHaploMax_AntigenicDistanceABS	AdvHaploMax_ChangeACE2binding	AdvHaploMax_ChangeCellEntry	AdvHaploMax_ChangeImmuneEscape	Cha_AntigenicDistanceABS	Cha_ChangeACE2binding	Cha_ChangeCellEntry	Cha_ChangeImmuneEscape
Alpha	2020-11-15	0.00308411	0.375753944	0.201953255	0.438783639	0.023691546	0.268277225	0.001953255	0.254497997	0	0.107476719	0.2	0.184285643	0.023691546
Alpha	2020-11-22	0.005215636	0.375753944	0.201953255	0.355083639	0.023691546	0.201338986	0.001953255	0.254497997	0	0.174414958	0.2	0.100585643	0.023691546
Alpha	2020-11-29	0.007850183	0.393579831	0.201953255	0.338383639	0.023691546	0.393579831	0.001953255	0.254497997	0	0	0.2	0.083885643	0.023691546
Alpha	2020-12-06	0.009941754	0.430508205	0.201953255	0.573683639	0.023691546	0.430508205	0.001953255	0.254497997	3.94E-05	0	0.2	0.319185643	0.023652108
Alpha	2020-12-13	0.016507336	0.690479319	0.381953255	0.975083639	0.023691546	0.690479319	0.001953255	0.419783639	0.003628019	0	0.38	0.5553	0.020063528
Alpha	2020-12-20	0.028726601	0.539369757	0.221953255	0.931483639	0.333814023	0.430508205	0.221953255	0.573683639	0.040952604	0.108861552	0	0.3578	0.292861419
Alpha	2020-12-27	0.040115993	0.690479319	0.381953255	0.643283639	0.090545861	0.430508205	0.221953255	0.573683639	0.090545861	0.259971114	0.16	0.0696	0
Alpha	2021-01-03	0.055832964	0.720981502	0.381953255	0.931483639	0.333814023	0.720981502	0.221953255	0.573683639	0.333814023	0	0.16	0.3578	0
Alpha	2021-01-10	0.072997055	0.861822905	0.431953255	0.791583639	0.333814023	0.672000813	0.141953255	0.698883639	0.090545861	0.189822092	0.29	0.0927	0.243268162
Alpha	2021-01-17	0.094153292	0.720981502	0.681953255	0.975083639	0.333814023	0.720981502	0.221953255	0.573683639	0.333814023	0	0.46	0.4014	0
Alpha	2021-01-24	0.116574844	0.826023034	0.471953255	0.791583639	0.333814023	0.720981502	0.261953255	0.573683639	0.333814023	0.105041532	0.21	0.2179	0
Alpha	2021-01-31	0.144327018	0.901899332	0.681953255	0.888483639	0.333814023	0.720981502	0.261953255	0.573683639	0.333814023	0.18091783	0.42	0.3148	0
Alpha	2021-02-07	0.166337537	0.720981502	0.431953255	0.920683639	0.333814023	0.720981502	0.261953255	0.573683639	0.333814023	0	0.17	0.347	0
Alpha	2021-02-14	0.188130339	0.829438995	0.381953255	0.931483639	0.333814023	0.829438995	0.321953255	0.639183639	0.333814023	0	0.06	0.2923	0
Alpha	2021-02-21	0.211756075	1.300224306	0.431953255	1.167683639	0.333814023	0.720981502	0.321953255	0.731683639	0.333814023	0.579242804	0.11	0.436	0
Alpha	2021-02-28	0.23699623	1.300224306	0.681953255	1.167683639	0.333814023	0.720981502	0.321953255	0.731683639	0.333814023	0.579242804	0.36	0.436	0
Alpha	2021-03-07	0.265758744	1.500713725	0.521953255	1.167683639	0.333814023	0.720981502	0.261953255	0.731683639	0.333814023	0.779732223	0.26	0.436	0
Alpha	2021-03-14	0.299585413	1.300224306	0.681953255	0.920683639	0.333814023	0.801254679	0.351953255	0.915483639	0.333814023	0.498969627	0.33	0.0052	0
Alpha	2021-03-21	0.339490225	1.590775201	0.681953255	1.550083639	0.333896323	0.801254679	0.351953255	0.915483639	0.333814023	0.789520522	0.33	0.6346	8.23E-05
Alpha	2021-03-28	0.384909028	1.510603411	0.681953255	1.167683639	0.333814023	0.829438995	0.351953255	0.731683639	0.333814023	0.681164415	0.33	0.436	0
Alpha	2021-04-04	0.434398835	1.553630754	0.681953255	1.167683639	0.347851018	1.102845729	0.321953255	0.626883639	0.347851018	0.450785025	0.36	0.5408	0
Alpha	2021-04-11	0.48968684	1.102845729	0.551953255	1.167683639	0.347851018	1.102845729	0.261953255	0.915483639	0.347851018	0	0.29	0.2522	0
Alpha	2021-04-18	0.553729668	2.831443684	0.551953255	1.167683639	0.347851018	1.102845729	0.261953255	0.915483639	0.347851018	1.728597955	0.29	0.2522	0
Alpha	2021-04-25	0.623139987	1.102845729	0.551953255	1.167683639	0.347851018	1.102845729	0.221953255	0.915483639	0.347851018	0	0.33	0.2522	0
Alpha	2021-05-02	0.693154342	1.102845729	0.681953255	1.810283639	0.347851018	1.102845729	0.221953255	0.915483639	0.347851018	0	0.46	0.8948	0
Alpha	2021-05-09	0.758514451	1.102845729	0.681953255	1.810283639	0.347851018	1.102845729	0.141953255	0.915483639	0.347851018	0	0.54	0.8948	0
Alpha	2021-05-16	0.817988595	1.102845729	0.681953255	1.167683639	0.347851018	1.102845729	0.141953255	0.915483639	0.347851018	0	0.54	0.2522	0
Alpha	2021-05-23	0.865808138	1.102845729	0.681953255	0.975083639	0.347851018	1.102845729	0.141953255	0.731683639	0.347851018	0	0.54	0.2434	0
Alpha	2021-05-30	0.901282249	1.102845729	0.681953255	1.810283639	0.347851018	1.102845729	0.141953255	0.731683639	0.347851018	0	0.54	1.0786	0
Alpha	2021-06-06	0.926524643	1.107817039	0.551953255	1.810283639	0.347851018	1.102845729	0.141953255	0.731683639	0.347851018	0.00497131	0.41	1.0786	0
Alpha	2021-06-13	0.946318771	1.397464638	0.431953255	1.810283639	0.347851018	1.102845729	0.031953255	0.731683639	0.347851018	0.294618909	0.4	1.0786	0
Alpha	2021-06-20	0.962099041	1.292399137	0.431953255	1.810283639	0.347851018	0.632297677	0.351953255	0.731683639	0.333814023	0.66010146	0.08	1.0786	0.014036995
BA.1	2021-11-28	0.000257359	1.33835302	0.147404372	0.280370765	0.016004336	0.621762994	0.161267792	0.281816667	0.017539193	0.716590026	-0.013863421	-0.001445902	-0.001534857
BA.1	2021-12-05	0.000508679	4.678405599	0.417404372	0.655270765	0.082723024	0.685025771	0.161267792	0.281816667	0.017539193	3.993379828	0.256136579	0.373454098	0.065183831
BA.1	2021-12-12	0.001761116	4.33276077	0.417404372	0.280370765	0.106825196	0.660220724	0.161267792	0.281816667	0.017539193	3.672540046	0.256136579	-0.001445902	0.089286003
BA.1	2021-12-19	0.00859454	4.33276077	0.417404372	0.392170765	0.106825196	1.13988042	0.227404372	0.287570765	0.068055783	3.19288035	0.19	0.1046	0.038769413
BA.1	2021-12-26	0.033567238	4.33276077	0.597404372	0.406370765	0.106825196	1.413622067	0.227404372	0.287570765	0.068055783	2.919138703	0.37	0.1188	0.038769413
BA.1	2022-01-02	0.090019569	4.678405599	0.597404372	0.655270765	0.106825196	1.13988042	0.347404372	0.373670765	0.068055783	3.538525179	0.25	0.2816	0.038769413
BA.1	2022-01-09	0.184119982	4.678405599	0.907404372	0.655270765	0.106825196	2.158854941	0.757404372	0.287570765	0.068055783	2.519550658	0.15	0.3677	0.038769413
BA.1	2022-01-16	0.31430033	4.040474135	0.907404372	0.662470765	0.268723206	2.158854941	0.757404372	0.373670765	0.068055783	1.881619194	0.15	0.2888	0.200667423
BA.1	2022-01-23	0.458895095	4.570665556	0.907404372	0.662470765	0.268723206	1.626120673	0.677404372	0.373670765	0.068055783	2.944544882	0.23	0.2888	0.200667423
BA.1	2022-01-30	0.599187494	4.273322719	0.907404372	0.662470765	0.268723206	1.626120673	0.677404372	0.373670765	0.068055783	2.647202045	0.23	0.2888	0.200667423
BA.1	2022-02-06	0.715858179	4.570665556	0.677404372	0.662470765	0.268723206	2.759352196	0.677404372	0.373670765	0.068055783	1.811313359	0	0.2888	0.200667423
BA.1	2022-02-13	0.804897398	3.814115059	0.757404372	0.443070765	0.268723206	2.759352196	0.677404372	0.373670765	0.068055783	1.054762862	0.08	0.0694	0.200667423
BA.1	2022-02-20	0.865301287	3.814115059	0.757404372	0.662470765	0.268723206	2.759352196	0.677404372	0.373670765	0.068055783	1.054762862	0.08	0.2888	0.200667423
BA.1	2022-02-27	0.908532232	3.735696858	0.907404372	0.662470765	0.268723206	2.759352196	0.677404372	0.373670765	0.043888626	0.976344662	0.23	0.2888	0.22483458
BA.1	2022-03-06	0.938459488	3.523198252	0.907404372	0.502870765	0.268723206	1.112824212	0.677404372	0.373670765	0.068055783	2.41037404	0.23	0.1292	0.200667423
BA.1	2022-03-13	0.96054324	3.576210273	0.907404372	0.662470765	0.268723206	1.019838535	0.677404372	0.287570765	0.068055783	2.556371738	0.23	0.3749	0.200667423
BA.2	2021-12-19	0.000120881	2.225168087	0.217338129	2.353028777	0.059943864	2.373957941	0.217338129	2.354745324	0	-0.148789854	0	-0.001716547	0.059943864
BA.2	2021-12-26	0.000539977	4.862090608	0.457338129	2.329788777	0.18986282	2.460632045	0.217338129	2.316928777	0	2.401458564	0.24	0.01286	0.18986282
BA.2	2022-01-02	0.002708052	3.955930095	0.337338129	2.474628777	0.059943864	2.373957941	0.217338129	2.354745324	0	1.581972154	0.12	0.119883453	0.059943864
BA.2	2022-01-09	0.008819786	8.857078032	0.657338129	2.353028777	0.509290019	2.373957941	0.567338129	2.354745324	0.013137541	6.483120091	0.09	-0.001716547	0.496152478
BA.2	2022-01-16	0.018483656	8.857078032	0.337338129	2.359428777	0.326206752	2.270292113	0.337338129	2.359428777	0.013137541	6.586785919	0	0	0.313069211
BA.2	2022-01-23	0.035146518	8.857078032	0.567338129	2.390238777	0.062726672	2.210368979	0.567338129	2.359428777	0.062726672	6.646709053	0	0.03081	0
BA.2	2022-01-30	0.056761353	8.857078032	0.497338129	2.390238777	0.101113311	2.185996528	0.457338129	2.359428777	0.101113311	6.671081503	0.04	0.03081	0
BA.2	2022-02-06	0.085787558	8.857078032	0.457338129	2.581128777	0.101113311	2.289923454	0.457338129	2.359428777	0.101113311	6.567154578	0	0.2217	0
BA.2	2022-02-13	0.118135895	8.857078032	0.907338129	2.430068777	0.072031931	3.160126134	0.567338129	2.359428777	0.062726672	5.696951898	0.34	0.07064	0.009305259
BA.2	2022-02-20	0.159280747	8.857078032	0.617338129	2.472858777	0.261426625	2.264845598	0.567338129	2.359428777	0.101113311	6.592232433	0.05	0.11343	0.160313314
BA.2	2022-02-27	2.06E-01	3.76463892	0.567338129	2.472858777	0.101113311	3.160126134	0.567338129	2.360528777	0.101113311	0.604512786	0	0.11233	0
BA.2	2022-03-06	2.65E-01	4.048231518	0.617338129	2.464128777	0.101113311	3.160126134	0.567338129	2.430068777	0.101113311	0.888105384	0.05	0.03406	0
BA.2	2022-03-13	3.38E-01	6.407617518	0.907338129	2.581128777	0.681541971	3.160126134	0.907338129	2.430068777	0.101113311	3.247491385	0	0.15106	0.58042866
BA.2	2022-03-20	4.21E-01	3.833198857	0.907338129	2.581128777	0.261426625	3.160126134	0.907338129	2.515628777	0.101113311	0.673072724	0	0.0655	0.160313314
BA.2	2022-03-27	0.502278263	4.068581495	0.907338129	2.581128777	0.261426625	3.160126134	0.907338129	2.515628777	0.101113311	0.908455361	0	0.0655	0.160313314
BA.2	2022-04-03	0.573366977	4.25966649	0.907338129	2.581128777	0.261426625	3.160126134	0.907338129	2.515628777	0.101113311	1.099540356	0	0.0655	0.160313314
BA.2	2022-04-10	0.631865764	4.262319922	0.907338129	2.538028777	0.261426625	3.160126134	0.907338129	2.515628777	0.101113311	1.102193788	0	0.0224	0.160313314
BA.2	2022-04-17	0.679511404	5.496816994	0.907338129	2.581128777	0.495440963	3.160126134	0.907338129	2.441228777	0.101113311	2.336690861	0	0.1399	0.394327652
BA.2	2022-04-24	0.71890599	5.367370092	0.907338129	2.581128777	0.261426625	3.160126134	0.907338129	2.515628777	0.101113311	2.207243958	0	0.0655	0.160313314
BA.2	2022-05-01	0.752094294	4.262319922	0.907338129	2.538028777	0.261426625	3.160126134	0.907338129	2.515628777	0.119568379	1.102193788	0	0.0224	0.141858246
BA.2	2022-05-08	0.782166407	5.427293225	0.907338129	2.538028777	0.261426625	3.160126134	0.907338129	2.515628777	0.119568379	2.267167092	0	0.0224	0.141858246
BA.2	2022-05-15	0.809876598	5.619213145	0.907338129	2.581128777	0.481325824	3.773275724	0.907338129	2.515628777	0.119568379	1.845937422	0	0.0655	0.361757445
BA.2	2022-05-22	0.835394341	5.427293225	0.907338129	2.528528777	0.261426625	5.427293225	0.907338129	2.515628777	0.169489943	0	0	0.0129	0.091936682
BA.2	2022-05-29	0.857580647	5.427293225	0.907338129	2.528528777	0.261426625	4.26188859	0.907338129	2.515628777	0.119568379	1.165404635	0	0.0129	0.141858246
BA.2	2022-06-05	0.876799702	5.698973631	0.907338129	2.581128777	0.261426625	4.26188859	0.907338129	2.515628777	0.169489943	1.437085041	0	0.0655	0.091936682
BA.2	2022-06-12	0.894051131	5.427293225	0.907338129	2.547928777	0.261426625	4.452943636	0.907338129	2.515628777	0.169489943	0.974349589	0	0.0323	0.091936682
BA.2	2022-06-19	0.908641775	5.427293225	0.907338129	2.580928777	0.495440963	4.321811724	0.907338129	2.515628777	0.169489943	1.105481501	0	0.0653	0.32595102
BA.2	2022-06-26	0.920494197	5.427293225	0.907338129	2.580928777	0.310409774	4.452943636	0.907338129	2.515628777	0.169489943	0.974349589	0	0.0653	0.140919831
BA.2	2022-07-03	0.9303934	5.698973631	0.907338129	2.547928777	0.310409774	4.53175519	0.907338129	2.515628777	0.310409774	1.167218441	0	0.0323	0
BA.2	2022-07-10	0.938643005	5.367370092	0.907338129	2.580928777	0.261426625	4.51286677	0.807338129	2.515628777	0.169489943	0.854503321	0.1	0.0653	0.091936682
BA.2	2022-07-17	0.944864415	5.427293225	0.907338129	2.580928777	0.307845485	4.621492977	0.807338129	2.482528777	0.169489943	0.805800248	0.1	0.0984	0.138355542
BA.2	2022-07-24	0.949071615	5.427293225	0.907338129	2.580928777	0.310409774	4.812548023	0.617338129	2.342328777	0.310409774	0.614745202	0.29	0.2386	0
BA.2	2022-07-31	0.951768828	5.427293225	0.907338129	2.547928777	0.310409774	5.192082909	0.617338129	2.123288777	0.310409774	0.235210316	0.29	0.42464	0
BA.2	2022-08-07	0.953477221	5.698973631	0.907338129	2.547928777	0.391248734	5.157072297	0.617338129	2.123288777	0.310409774	0.541901335	0.29	0.42464	0.08083896
BA.2	2022-08-14	0.954647191	5.427293225	0.807338129	2.515628777	0.310409774	5.192082909	0.617338129	2.123288777	0.310409774	0.235210316	0.19	0.39234	0
BA.2	2022-08-21	0.955449618	5.298888026	0.907338129	2.482528777	0.495440963	5.219638306	0.857338129	2.216888777	0.495440963	0.079249721	0.05	0.26564	0
BA.2	2022-08-28	0.956089685	5.255992961	0.857338129	2.482528777	0.495440963	5.170331151	0.857338129	2.216888777	0.495440963	0.085661809	0	0.26564	0
BA.2	2022-09-04	0.95656968	5.524219274	0.857338129	2.485918777	0.495440963	5.219638306	0.857338129	2.216888777	0.495440963	0.304580969	0	0.26903	0
BA.2	2022-09-11	0.957066275	5.692082208	0.857338129	2.515628777	0.516158982	5.23877922	0.857338129	2.216888777	0.495440963	0.453302989	0	0.29874	0.020718019
BA.2	2022-09-18	0.957623856	5.692082208	0.857338129	2.580928777	0.516158982	5.524219274	0.857338129	2.112798777	0.495440963	0.167862934	0	0.46813	0.020718019
BA.2	2022-09-25	0.958253388	5.816964465	0.857338129	2.485918777	0.516158982	5.619213145	0.857338129	2.174388777	0.509290019	0.19775132	0	0.31153	0.006868963
BA.2	2022-10-02	0.95895304	5.692082208	0.857338129	2.485918777	0.516158982	5.686036092	0.857338129	2.216888777	0.509290019	0.006046116	0	0.26903	0.006868963
BA.2	2022-10-09	0.959810013	5.692082208	0.857338129	2.342328777	0.610737667	5.686036092	0.857338129	2.145688777	0.512734594	0.006046116	0	0.19664	0.098003073
BA.2	2022-10-16	0.960711173	5.841594637	0.857338129	2.417488777	0.516158982	5.834322584	0.857338129	2.216888777	0.512734594	0.007272053	0	0.2006	0.003424388
BA.2	2022-10-23	0.961662458	5.952148883	0.857338129	2.482528777	0.516158982	5.892058526	0.857338129	2.174388777	0.509290019	0.060090357	0	0.30814	0.006868963
BA.2	2022-10-30	0.962628502	5.902841728	1.077338129	2.417488777	0.610737667	5.902841728	0.857338129	2.216888777	0.509290019	0	0.22	0.2006	0.101447648
BA.2	2022-11-06	0.963698463	6.058235233	1.077338129	2.417488777	0.54725689	5.902841728	0.857338129	2.355238777	0.54725689	0.155393504	0.22	0.06225	0
BA.2	2022-11-13	0.964869327	5.96240314	0.857338129	2.417488777	0.54725689	5.902841728	0.857338129	2.214138777	0.54725689	0.059561412	0	0.20335	0
BA.2	2022-11-20	0.966380552	6.193374077	1.077338129	2.417488777	0.582685249	5.96000734	0.857338129	2.361638777	0.54725689	0.233366737	0.22	0.05585	0.035428359
BA.2	2022-11-27	0.968070179	6.058235233	1.077338129	2.616488777	0.610737667	5.964222114	0.857338129	2.355238777	0.54725689	0.094013119	0.22	0.26125	0.063480777
BA.2	2022-12-04	0.970005069	6.320627066	1.077338129	2.616488777	0.610737667	6.229286329	0.857338129	2.355238777	0.54725689	0.091340737	0.22	0.26125	0.063480777
BA.2	2022-12-11	0.972464839	6.320627066	1.077338129	2.616488777	0.610737667	6.229286329	0.857338129	2.361638777	0.54725689	0.091340737	0.22	0.25485	0.063480777
BA.2	2022-12-18	0.975278004	6.320627066	1.077338129	2.500298777	0.582685249	6.229286329	0.857338129	2.361638777	0.54725689	0.091340737	0.22	0.13866	0.035428359
BA.2	2022-12-25	0.978057881	6.229286329	1.077338129	2.500298777	0.610737667	6.229286329	0.857338129	2.361638777	0.610737667	0	0.22	0.13866	0
BA.2	2023-01-01	0.980964653	6.320627066	0.857338129	2.616488777	0.610737667	6.229286329	0.857338129	2.361638777	0.610737667	0.091340737	0	0.25485	0
BA.2	2023-01-08	0.983795554	6.320627066	0.857338129	2.452738777	0.610737667	6.229286329	0.857338129	2.368528777	0.610737667	0.091340737	0	0.08421	0
BA.2	2023-01-15	0.986151467	6.367317416	0.857338129	2.452738777	0.610737667	6.367317416	0.857338129	2.368528777	0.610737667	0	0	0.08421	0
BA.2	2023-01-22	0.98789027	6.320627066	0.857338129	2.616488777	0.672477575	6.229286329	0.857338129	2.335738777	0.610737667	0.091340737	0	0.28075	0.061739908
BA.2	2023-01-29	0.989323228	6.367317416	0.857338129	2.452738777	0.672477575	6.367317416	0.857338129	2.335738777	0.495440963	0	0	0.117	0.177036612
BA.2	2023-02-05	0.990567582	6.367317416	0.857338129	2.500298777	0.610737667	6.367317416	0.857338129	2.391838777	0.54725689	0	0	0.10846	0.063480777
BA.2	2023-02-12	0.991644087	6.333221632	0.857338129	2.500298777	0.610737667	6.229286329	0.857338129	2.391838777	0.54725689	0.103935303	0	0.10846	0.063480777
BA.2	2023-02-19	0.992663439	6.466566139	0.857338129	2.500768777	0.610737667	6.367317416	0.857338129	2.391838777	0.54725689	0.099248722	0	0.10893	0.063480777
BA.2	2023-02-26	0.99362388	6.466566139	0.857338129	2.500298777	0.610737667	6.367317416	0.857338129	2.391838777	0.54725689	0.099248722	0	0.10846	0.063480777
BA.4/5	2022-04-17	0.000772665	1.301723148	0.05641791	0.29217602	0.146601063	0.477041081	0.00641791	0.053572184	0	0.824682068	0.05	0.238603836	0.146601063
BA.4/5	2022-04-24	0.001026789	0.839410517	0.05641791	0.29217602	0.146601063	0.806553202	0.00641791	0.05357602	0	0.032857315	0.05	0.2386	0.146601063
BA.4/5	2022-05-01	0.001558322	2.264214579	0.00641791	0.31227602	0.168409347	0.806553202	0.00641791	0.05357602	0	1.457661376	9.02056E-17	0.2587	0.168409347
BA.4/5	2022-05-08	0.002323416	1.787682454	0.05641791	0.45527602	0.184855035	0.850804911	0.00641791	0.295707604	0.146601063	0.936877543	0.05	0.159568415	0.038253972
BA.4/5	2022-05-15	0.003588829	1.702846093	0.05641791	0.45527602	0.202279046	1.079227917	0.00641791	0.45527602	0.168409347	0.623618176	0.05	0	0.033869699
BA.4/5	2022-05-22	0.005708187	3.208128516	0.16641791	0.45527602	0.184855035	1.630138736	0.04641791	0.45527602	0.184855035	1.57798978	0.12	0	0
BA.4/5	2022-05-29	0.009290283	4.45553443	0.14641791	0.45527602	0.202279046	1.630138736	0.00641791	0.45527602	0.168409347	2.825395693	0.14	0	0.033869699
BA.4/5	2022-06-05	0.015841009	5.063255192	0.16641791	0.45527602	0.202279046	1.356467787	0.04641791	0.45527602	0.184855035	3.706787404	0.12	0	0.017424011
BA.4/5	2022-06-12	0.026676102	5.358771513	0.14641791	0.47987602	0.23524721	1.356467787	0.05641791	0.45527602	0.184855035	4.002303725	0.09	0.0246	0.050392175
BA.4/5	2022-06-19	0.046113995	5.358771513	0.14641791	0.47987602	0.202279046	2.264214579	0.12641791	0.45527602	0.202279046	3.094556934	0.02	0.0246	0
BA.4/5	2022-06-26	0.076156722	4.797403027	0.29641791	0.47987602	0.264042451	1.088728326	0.12641791	0.45527602	0.202279046	3.7086747	0.17	0.0246	0.061763405
BA.4/5	2022-07-03	0.118143158	5.358771513	0.29641791	0.45527602	0.202279046	3.265311275	0.12641791	0.45527602	0.202279046	2.093460238	0.17	0	0
BA.4/5	2022-07-10	0.17112491	5.630451919	0.17641791	0.47987602	0.333070265	3.265311275	0.12641791	0.45527602	0.282492295	2.365140644	0.05	0.0246	0.05057797
BA.4/5	2022-07-17	0.233427036	5.028914039	0.29641791	0.52007602	0.333070265	3.265311275	0.12641791	0.52007602	0.202279046	1.763602764	0.17	0	0.130791219
BA.4/5	2022-07-24	0.301421338	5.358771513	0.29641791	0.55087602	0.333070265	3.265311275	0.12641791	0.52007602	0.202279046	2.093460238	0.17	0.0308	0.130791219
BA.4/5	2022-07-31	0.371226627	5.630451919	0.29641791	0.55087602	0.333070265	3.265311275	0.12641791	0.52007602	0.282492295	2.365140644	0.17	0.0308	0.05057797
BA.4/5	2022-08-07	0.437230536	5.630451919	0.29641791	0.55087602	0.333070265	1.193430774	0.12641791	0.52007602	0.282492295	4.437021144	0.17	0.0308	0.05057797
BA.4/5	2022-08-14	0.497555662	5.358771513	0.29641791	0.52007602	0.28823177	1.193430774	0.12641791	0.52007602	0.282492295	4.165340738	0.17	0	0.005739475
BA.4/5	2022-08-21	0.55038513	5.279922443	0.29641791	0.55087602	0.28823177	1.193430774	0.12641791	0.52007602	0.282492295	4.086491668	0.17	0.0308	0.005739475
BA.4/5	2022-08-28	0.598076594	5.358771513	0.29641791	0.55087602	0.333070265	1.193430774	0.12641791	0.52007602	0.282492295	4.165340738	0.17	0.0308	0.05057797
BA.4/5	2022-09-04	0.638220231	3.878460865	0.29641791	0.58227602	0.350494276	1.162579436	0.12641791	0.52007602	0.282492295	2.715881429	0.17	0.0622	0.068001981
BA.4/5	2022-09-11	0.673045371	4.984406122	0.29641791	0.54017602	0.402096449	1.630138736	0.12641791	0.52007602	0.402096449	3.354267385	0.17	0.0201	0
BA.4/5	2022-09-18	0.70374051	3.878460865	0.29641791	0.52647602	0.402096449	1.630138736	0.12641791	0.52007602	0.402096449	2.248322129	0.17	0.0064	0
BA.4/5	2022-09-25	0.733695154	4.654548648	0.29641791	0.58227602	0.349779092	1.630138736	0.12641791	0.52007602	0.349779092	3.024409912	0.17	0.0622	0
BA.4/5	2022-10-02	0.762127686	5.358771513	0.29641791	0.58227602	0.402096449	1.630138736	0.12641791	0.52007602	0.402096449	3.728632776	0.17	0.0622	0
BA.4/5	2022-10-09	0.78911851	3.878460865	0.29641791	0.59302602	0.402096449	1.630138736	0.12641791	0.52007602	0.402096449	2.248322129	0.17	0.07295	0
BA.4/5	2022-10-16	0.814070009	3.723598974	0.29641791	0.56427602	0.402096449	1.630138736	0.12641791	0.52007602	0.402096449	2.093460238	0.17	0.0442	0
BA.4/5	2022-10-23	0.836044905	4.984406122	0.29641791	0.66127602	0.402096449	1.630138736	0.12641791	0.52007602	0.402096449	3.354267385	0.17	0.1412	0
BA.4/5	2022-10-30	0.854766857	5.279922443	0.29641791	0.59302602	0.402096449	1.42183511	0.12641791	0.52007602	0.402096449	3.858087333	0.17	0.07295	0
BA.4/5	2022-11-06	0.870860115	4.45553443	0.29641791	0.66127602	0.402096449	1.36067107	0.12641791	0.52007602	0.402096449	3.09486336	0.17	0.1412	0
BA.4/5	2022-11-13	0.885816935	3.615825467	0.29641791	0.66127602	0.402096449	1.42183511	0.12641791	0.52007602	0.402096449	2.193990357	0.17	0.1412	0
BA.4/5	2022-11-20	0.900548535	3.615825467	0.29641791	0.66127602	0.402096449	1.42183511	0.12641791	0.52007602	0.402096449	2.193990357	0.17	0.1412	0
BA.4/5	2022-11-27	0.914870296	5.358771513	0.19641791	0.66127602	0.402096449	1.42183511	0.12641791	0.52007602	0.402096449	3.936936403	0.07	0.1412	0
BA.4/5	2022-12-04	0.928165587	5.358771513	0.29641791	0.66127602	0.402096449	1.42183511	0.12641791	0.52007602	0.402096449	3.936936403	0.17	0.1412	0
BA.4/5	2022-12-11	0.940994742	5.279922443	0.17641791	0.63987602	0.402096449	1.42183511	0.05641791	0.52007602	0.402096449	3.858087333	0.12	0.1198	0
BA.4/5	2022-12-18	0.95336948	2.935453801	0.29641791	0.62147602	0.402096449	1.42183511	0.05641791	0.49267602	0.402096449	1.513618691	0.24	0.1288	0
BA.4/5	2022-12-25	0.964353149	3.878460865	0.29641791	0.55326602	0.402096449	1.502610345	0.12641791	0.49267602	0.402096449	2.37585052	0.17	0.06059	0
BA.4/5	2023-01-01	0.972636483	3.878460865	0.19641791	0.62147602	0.402096449	1.42183511	0.12641791	0.40127602	0.402096449	2.456625755	0.07	0.2202	0
BA.4/5	2023-01-08	0.979997388	2.935453801	0.19641791	0.62147602	0.441891058	1.277326562	0.12641791	0.49267602	0.349779092	1.658127239	0.07	0.1288	0.092111966
BQ.1	2022-09-11	0.002497627	0.862993582	0.049595376	0.306625896	0.098066077	0.413162597	0	0.349837033	0.134565308	0.449830985	0.049595376	-0.043211137	-0.036499231
BQ.1	2022-09-18	0.00402651	2.21211498	0	0.534525896	0.098066077	2.21211498	0	0.534525896	0.134565308	0	0	0	-0.036499231
BQ.1	2022-09-25	0.007081685	2.710939476	0	0.534525896	0.154126378	0.949109039	0	0.534525896	0.134565308	1.761830437	0	0	0.01956107
BQ.1	2022-10-02	0.012817357	2.564634999	0.049595376	0.554625896	0.233957309	0.64698634	0	0.534525896	0.233957309	1.917648659	0.049595376	0.0201	0
BQ.1	2022-10-09	0.022345868	2.485785929	0.049595376	0.534525896	0.20303849	0.930801178	0	0.534525896	0.109091252	1.554984751	0.049595376	0	0.093947238
BQ.1	2022-10-16	0.03627617	3.664935687	0.049595376	0.554625896	0.185399646	1.282281663	0	0.534525896	0.149042803	2.382654024	0.049595376	0.0201	0.036356843
BQ.1	2022-10-23	0.054069288	4.197049858	0.089595376	0.554625896	0.256970006	2.21211498	0	0.540925896	0.149042803	1.984934878	0.089595376	0.0137	0.107927203
BQ.1	2022-10-30	0.075547024	6.018519213	0.089595376	0.554625896	0.233957309	1.282281663	0.039595376	0.540925896	0.233957309	4.73623755	0.05	0.0137	0
BQ.1	2022-11-06	0.103339578	3.664935687	0.089595376	0.554625896	0.233957309	1.282281663	0.049595376	0.540925896	0.233957309	2.382654024	0.04	0.0137	0
BQ.1	2022-11-13	0.1397126	3.664935687	0.089595376	0.554625896	0.256970006	1.046342208	0.050462428	0.540925896	0.219877239	2.618593478	0.039132948	0.0137	0.037092767
BQ.1	2022-11-20	0.186862434	4.611257901	0.139595376	0.554625896	0.233957309	1.356173069	0.039595376	0.554625896	0.219877239	3.255084831	0.1	0	0.01408007
BQ.1	2022-11-27	0.246422095	6.097368283	0.139595376	0.554625896	0.233957309	1.356173069	0.039595376	0.554625896	0.233957309	4.741195213	0.1	0	0
BQ.1	2022-12-04	0.323743826	6.097368283	0.139595376	0.554625896	0.256970006	1.356173069	0.039595376	0.554625896	0.233957309	4.741195213	0.1	0	0.023012697
BQ.1	2022-12-11	0.415127745	5.1941312	0.239595376	0.554625896	0.29224392	1.282281663	0.039595376	0.554625896	0.233957309	3.911849537	0.2	0	0.058286611
BQ.1	2022-12-18	0.516340962	3.998108311	0.889595376	0.554625896	0.236271802	1.356173069	0.039595376	0.554625896	0.233957309	2.641935241	0.85	0	0.002314493
BQ.1	2022-12-25	0.617224348	6.369048689	0.889595376	0.594725896	0.256970006	1.356173069	0.039595376	0.554625896	0.233957309	5.012875619	0.85	0.0401	0.023012697
BQ.1	2023-01-01	0.711648968	3.664935687	0.889595376	0.594725896	0.29224392	2.21211498	0.239595376	0.554625896	0.29224392	1.452820706	0.65	0.0401	0
BQ.1	2023-01-08	0.787075435	3.369419366	0.889595376	0.554625896	0.29224392	1.356173069	0.039595376	0.554625896	0.233957309	2.013246296	0.85	0	0.058286611
BQ.1	2023-01-15	0.845208889	2.564634999	0.889595376	0.594725896	0.29224392	2.21211498	0.039595376	0.554625896	0.233957309	0.352520019	0.85	0.0401	0.058286611
BQ.1	2023-01-22	0.886518481	2.564634999	0.889595376	0.594725896	0.29224392	1.383651981	0.039595376	0.554625896	0.233957309	1.180983018	0.85	0.0401	0.058286611
BQ.1	2023-01-29	0.914554463	2.564634999	0.889595376	0.594725896	0.29224392	1.356173069	0.039595376	0.554625896	0.233957309	1.20846193	0.85	0.0401	0.058286611
Delta	2021-03-14	0.000708762	1.017905774	0.276084788	0.690617456	0.076297781	0.762852686	0.006084788	0.257337009	0	0.255053088	0.27	0.433280447	0.076297781
Delta	2021-03-21	0.000765023	1.173565594	0.006084788	0.704617456	0.001985196	0.845836394	0.006084788	0.271737466	0	0.327729201	8.93383E-17	0.432879991	0.001985196
Delta	2021-03-28	0.000814651	1.375643904	0.006084788	0.256517456	0	0.580168155	0.006084788	0.248128035	0	0.795475749	8.93383E-17	0.008389422	0
Delta	2021-04-04	0.000932821	1.32404881	0.276084788	0.433717456	0.130001205	0.580168155	0.006084788	0.248128035	0	0.743880656	0.27	0.185589422	0.130001205
Delta	2021-04-11	0.00128	1.851490266	0.006084788	0.507717456	0.130001205	0.845836394	0.006084788	0.248128035	0	1.005653873	8.93383E-17	0.259589422	0.130001205
Delta	2021-04-18	0.001925121	1.32404881	0.166084788	0.535217456	0.076297781	1.033497915	0.006084788	0.248128035	0	0.290550895	0.16	0.287089422	0.076297781
Delta	2021-04-25	0.00317535	1.416733083	0.276084788	0.881417456	0.130001205	1.04007424	0.006084788	0.278617456	0	0.376658844	0.27	0.6028	0.130001205
Delta	2021-05-02	0.004825549	1.330692694	0.196084788	0.671317456	0.134640631	1.033497915	0.006084788	0.508017456	0	0.297194778	0.19	0.1633	0.134640631
Delta	2021-05-09	0.007572932	2.847111045	1.056084788	0.874317456	0.333393327	1.101513498	0.006084788	0.508017456	0	1.745597547	1.05	0.3663	0.333393327
Delta	2021-05-16	0.010597172	1.164032794	0.246084788	0.690617456	0.130001205	1.033497915	0.006084788	0.462317456	0.076297781	0.130534878	0.24	0.2283	0.053703424
Delta	2021-05-23	0.015408415	3.512178302	1.056084788	1.111017456	0.130001205	1.223767804	0.006084788	0.647417456	0.130001205	2.288410497	1.05	0.4636	0
Delta	2021-05-30	0.023153163	1.351375021	1.056084788	1.085817456	0.134640631	1.075244836	0.096084788	0.649817456	0.076489449	0.276130184	0.96	0.436	0.058151182
Delta	2021-06-06	0.032392352	1.351375021	1.056084788	0.808517456	0.333393327	1.075244836	0.276758105	0.806417456	0.12825491	0.276130184	0.779326683	0.0021	0.205138417
Delta	2021-06-13	0.042081863	1.494886032	1.056084788	1.085817456	0.333393327	1.214809077	0.276758105	0.806417456	0.130001205	0.280076956	0.779326683	0.2794	0.203392122
Delta	2021-06-20	0.052798323	2.033492945	1.186084788	1.368117456	0.3433299	1.080386182	0.276758105	0.753217456	0.130001205	0.953106763	0.909326683	0.6149	0.213328695
Delta	2021-06-27	0.068041512	3.267329839	1.186084788	1.111017456	0.3433299	1.055122113	0.276758105	0.806417456	0.12825491	2.212207726	0.909326683	0.3046	0.21507499
Delta	2021-07-04	0.087646876	1.755041659	1.186084788	1.368117456	0.3433299	1.285305561	0.276758105	0.806417456	0.130001205	0.469736099	0.909326683	0.5617	0.213328695
Delta	2021-07-11	0.111599891	3.619859537	1.336084788	1.368117456	0.333393327	1.285305561	0.276758105	0.806417456	0.130001205	2.334553977	1.059326683	0.5617	0.203392122
Delta	2021-07-18	0.13893393	3.505296663	1.186084788	1.368117456	0.3433299	1.285305561	0.166084788	0.806417456	0.12825491	2.219991103	1.02	0.5617	0.21507499
Delta	2021-07-25	0.171144366	3.112382084	1.186084788	1.368117456	0.3433299	1.285305561	0.166084788	0.806417456	0.130001205	1.827076524	1.02	0.5617	0.213328695
Delta	2021-08-01	0.206847934	1.564222567	1.186084788	1.368117456	0.3433299	1.285305561	0.866084788	0.806417456	0.12825491	0.278917007	0.32	0.5617	0.21507499
Delta	2021-08-08	0.244038357	3.267329839	1.186084788	1.667717456	0.3433299	1.174776095	0.166084788	0.806417456	0.130001205	2.092553745	1.02	0.8613	0.213328695
Delta	2021-08-15	0.283753123	1.564222567	1.056084788	1.860617456	0.333393327	1.174776095	0.866084788	0.806417456	0.130001205	0.389446473	0.19	1.0542	0.203392122
Delta	2021-08-22	0.323999739	1.851490266	1.146084788	1.860617456	0.333393327	1.254849394	0.866084788	0.806417456	0.130001205	0.596640872	0.28	1.0542	0.203392122
Delta	2021-08-29	0.365476009	1.609891388	1.146084788	1.860617456	0.333393327	1.34956867	0.866084788	0.806417456	0.130001205	0.260322718	0.28	1.0542	0.203392122
Delta	2021-09-05	0.405069965	2.030253947	1.056084788	1.860617456	0.333393327	1.34956867	0.866084788	0.806417456	0.134640631	0.680685277	0.19	1.0542	0.198752696
Delta	2021-09-12	0.442062513	1.67537009	1.056084788	1.860617456	0.333393327	1.34956867	0.866084788	0.806417456	0.134640631	0.325801419	0.19	1.0542	0.198752696
Delta	2021-09-19	0.476441458	1.67537009	1.056084788	1.860617456	0.333393327	1.342615628	0.866084788	0.806417456	0.134640631	0.332754461	0.19	1.0542	0.198752696
Delta	2021-09-26	0.508350769	1.67537009	1.056084788	1.422517456	0.333393327	1.34956867	0.866084788	0.806417456	0.134640631	0.325801419	0.19	0.6161	0.198752696
Delta	2021-10-03	0.538053734	1.67537009	1.056084788	1.860617456	0.333393327	1.34956867	0.866084788	0.806417456	0.134640631	0.325801419	0.19	1.0542	0.198752696
Delta	2021-10-10	0.565892129	1.712438939	1.146084788	2.108517456	0.333393327	1.342615628	0.866084788	0.806417456	0.134640631	0.369823311	0.28	1.3021	0.198752696
Delta	2021-10-17	0.593410933	2.02574513	1.146084788	2.108517456	0.333393327	1.34956867	0.866084788	0.806417456	0.134640631	0.67617646	0.28	1.3021	0.198752696
Delta	2021-10-24	0.621494092	2.02574513	1.056084788	2.108517456	0.333393327	1.34956867	0.866084788	0.806417456	0.333393327	0.67617646	0.19	1.3021	0
Delta	2021-10-31	0.650504522	2.098459393	1.056084788	1.422517456	0.333393327	1.34956867	0.866084788	0.806417456	0.134640631	0.748890723	0.19	0.6161	0.198752696
Delta	2021-11-07	0.680992865	2.098459393	1.146084788	2.108517456	0.333393327	1.34956867	0.866084788	0.806417456	0.333393327	0.748890723	0.28	1.3021	0
Delta	2021-11-14	0.713780976	2.200164596	1.146084788	2.108517456	0.333393327	1.34956867	0.866084788	0.806417456	0.333393327	0.850595926	0.28	1.3021	0
Delta	2021-11-21	0.749249206	2.200164596	1.146084788	2.108517456	0.333393327	1.285305561	0.866084788	0.806417456	0.333393327	0.914859036	0.28	1.3021	0
Delta	2021-11-28	0.787068056	2.200164596	1.056084788	2.108517456	0.333393327	1.285305561	0.866084788	0.806417456	0.333393327	0.914859036	0.19	1.3021	0
Delta	2021-12-05	0.826093234	2.200164596	1.146084788	2.108517456	0.333393327	1.285305561	0.166084788	0.806417456	0.333393327	0.914859036	0.98	1.3021	0
WT	2020-02-02	1.57E-06	1.008910082	0.260909091	0.055850649	0.093178718	0.234110116	0.000909091	0.055850649	0	0.774799966	0.26	0	0.093178718
WT	2020-02-09	3.69E-06	0.496649007	0.620909091	0.212950649	0	0.234110116	0.000909091	0.055850649	0	0.262538891	0.62	0.1571	0
WT	2020-02-16	8.72E-06	0.902839151	0.000909091	0.244150649	0	0.3467849	0.000909091	0.055850649	0	0.556054251	1.10589E-17	0.1883	0
WT	2020-02-23	2.86E-05	0.510454971	0.000909091	0.563650649	0	0.370498921	0.000909091	0.055850649	0	0.13995605	1.10589E-17	0.5078	0
WT	2020-03-01	0.000103081	0.542192449	0.170909091	0.244150649	0.008021804	0.370498921	0.000909091	0.055850649	0	0.171693528	0.17	0.1883	0.008021804
WT	2020-03-08	0.000348228	2.539328213	0.540909091	0.911850649	0.260546934	0.496649007	0.000909091	0.244150649	0	2.042679206	0.54	0.6677	0.260546934
WT	2020-03-15	0.001071632	0.741206035	0.260909091	0.781550649	0.010225985	0.579473373	0.000909091	0.409750649	0	0.161732662	0.26	0.3718	0.010225985
WT	2020-03-22	0.00275028	2.406718936	0.620909091	0.965050649	0.260546934	0.579473373	0.620909091	0.409750649	0.008624253	1.827245563	0	0.5553	0.251922681
WT	2020-03-29	0.00560065	0.847749085	0.900909091	0.781550649	0.09499289	0.579473373	0.620909091	0.500350649	0.008624253	0.268275712	0.28	0.2812	0.086368637
WT	2020-04-05	0.00946307	0.847749085	0.900909091	0.781550649	0.09499289	0.727069472	0.620909091	0.740350649	0	0.120679613	0.28	0.0412	0.09499289
WT	2020-04-12	0.013775544	1.008910082	0.900909091	0.781550649	0.09499289	0.727069472	0.620909091	0.740350649	0	0.28184061	0.28	0.0412	0.09499289
WT	2020-04-19	0.018307172	2.383633553	0.620909091	1.713250649	0.260546934	0.727069472	0.620909091	0.740350649	0	1.656564081	0	0.9729	0.260546934
WT	2020-04-26	0.02290072	1.351904004	0.900909091	0.781550649	0.095719636	0.727069472	0.620909091	0.740350649	0	0.624834532	0.28	0.0412	0.095719636
WT	2020-05-03	0.027718424	3.019005843	0.880909091	0.721650649	0.342005954	0.699062284	0.620909091	0.501050649	0.001192974	2.319943559	0.26	0.2206	0.34081298
WT	2020-05-10	0.032739457	2.250032276	1.210909091	0.740350649	0.289747811	0.699062284	0.900909091	0.563650649	0.007313853	1.550969992	0.31	0.1767	0.282433958
WT	2020-05-17	0.038189071	1.978595677	0.620909091	0.740350649	0.101477233	0.699062284	0.620909091	0.500350649	0	1.279533393	0	0.24	0.101477233
WT	2020-05-24	0.044072562	2.383633553	0.880909091	0.965050649	0.260546934	0.539282767	0.000909091	0.500350649	0	1.844350786	0.88	0.4647	0.260546934
WT	2020-05-31	0.050634073	1.479119843	0.900909091	0.740350649	0.260546934	0.542144096	0.620909091	0.501050649	0	0.936975747	0.28	0.2393	0.260546934
WT	2020-06-07	0.057788409	2.072992775	0.900909091	0.740350649	0.101477233	0.62305102	0.620909091	0.527350649	0.008624253	1.449941755	0.28	0.213	0.09285298
WT	2020-06-14	0.065816567	2.311768301	1.630909091	0.965050649	0.101477233	0.699062284	0.620909091	0.527350649	0.000376547	1.612706017	1.01	0.4377	0.101100686
WT	2020-06-21	0.074752064	1.978595677	1.630909091	0.751950649	0.101477233	0.699062284	0.620909091	0.563650649	0.000376547	1.279533393	1.01	0.1883	0.101100686
WT	2020-06-28	0.084918745	0.847749085	1.630909091	0.740350649	0.260546934	0.732805072	0.620909091	0.563650649	0	0.114944013	1.01	0.1767	0.260546934
WT	2020-07-05	0.096228909	1.035045837	1.630909091	1.713250649	0.260546934	0.711204186	0.620909091	0.563650649	0.008624253	0.323841651	1.01	1.1496	0.251922681
WT	2020-07-12	0.108712681	2.297401244	1.630909091	1.713250649	0.260546934	0.699062284	0.620909091	0.563650649	0	1.59833896	1.01	1.1496	0.260546934
WT	2020-07-19	0.12235626	2.015597411	1.630909091	0.965050649	0.260546934	0.699062284	1.630909091	0.689350649	0.008624253	1.316535127	0	0.2757	0.251922681
WT	2020-07-26	0.137248702	2.072992775	1.630909091	0.965050649	0.260546934	0.594188097	1.630909091	0.563650649	0.008624253	1.478804678	0	0.4014	0.251922681
WT	2020-08-02	0.152890215	2.11233876	0.900909091	0.740350649	0.260546934	0.733755457	0.620909091	0.685350649	0.008624253	1.378583303	0.28	0.055	0.251922681
WT	2020-08-09	0.168955659	3.276210076	1.630909091	0.965050649	0.342005954	0.755103586	1.630909091	0.685350649	0.008624253	2.52110649	0	0.2797	0.333381701
WT	2020-08-16	0.184942032	2.473427687	1.630909091	0.965050649	0.365414854	0.920555685	1.630909091	0.685350649	0.01185095	1.552872002	0	0.2797	0.353563904
WT	2020-08-23	0.201065043	2.214994536	1.630909091	0.689350649	0.260546934	0.920555685	1.630909091	0.685350649	0.260546934	1.294438851	0	0.004	0
WT	2020-08-30	0.217482951	6.714333607	1.630909091	1.713250649	0.365414854	0.897517341	1.630909091	0.501050649	0.01185095	5.816816266	0	1.2122	0.353563904
WT	2020-09-06	0.234288431	6.714333607	1.630909091	0.965050649	0.35568422	0.915086559	1.630909091	0.563650649	0.260546934	5.799247048	0	0.4014	0.095137286
WT	2020-09-13	0.251701561	6.714333607	1.630909091	0.965050649	0.35568422	1.148368681	1.630909091	0.563650649	0.033556372	5.565964926	0	0.4014	0.322127848
WT	2020-09-20	0.269477864	6.714333607	1.630909091	0.965050649	0.35568422	1.148368681	1.630909091	0.505450649	0.0944078	5.565964926	0	0.4596	0.26127642
WT	2020-09-27	0.287762101	2.348770035	1.630909091	0.921450649	0.263200474	1.148368681	1.630909091	0.505450649	0.260546934	1.200401354	0	0.416	0.00265354
WT	2020-10-04	0.306834659	6.714333607	1.630909091	0.921450649	0.35568422	1.021542259	1.630909091	0.658150649	0.260546934	5.692791348	0	0.2633	0.095137286
WT	2020-10-11	0.327325769	6.714333607	1.630909091	0.921450649	0.35568422	1.223682667	1.630909091	0.563650649	0.260546934	5.49065094	0	0.3578	0.095137286
WT	2020-10-18	0.350551768	2.147396791	1.630909091	1.713250649	0.365414854	1.225846374	0.880909091	0.563650649	0.260546934	0.921550416	0.75	1.1496	0.10486792
WT	2020-10-25	0.377106709	6.714333607	1.630909091	0.871850649	0.365414854	1.960335449	0.880909091	0.563650649	0.365414854	4.753998158	0.75	0.3082	0
WT	2020-11-01	0.407189635	2.895279475	1.630909091	0.806750649	0.365414854	2.895279475	0.880909091	0.598650649	0.342005954	0	0.75	0.2081	0.0234089
WT	2020-11-08	0.43980667	3.273934602	1.630909091	0.854150649	0.365414854	1.960335449	0.880909091	0.563650649	0.365414854	1.313599153	0.75	0.2905	0
WT	2020-11-15	0.473410341	1.960335449	1.630909091	0.944650649	0.365414854	1.960335449	0.880909091	0.598650649	0.365414854	0	0.75	0.346	0
WT	2020-11-22	0.50743034	3.02383635	1.630909091	1.223050649	0.365414854	2.147396791	0.880909091	0.598650649	0.365414854	0.876439559	0.75	0.6244	0
WT	2020-11-29	0.541642981	2.147396791	1.630909091	0.965050649	0.365414854	2.147396791	0.970909091	0.598650649	0.365414854	0	0.66	0.3664	0
WT	2020-12-06	0.576966608	2.895279475	1.630909091	1.079650649	0.365414854	2.895279475	0.970909091	0.632250649	0.365414854	0	0.66	0.4474	0
WT	2020-12-13	0.611393811	2.895279475	1.630909091	1.223050649	0.365414854	2.895279475	0.900909091	0.632250649	0.365414854	0	0.73	0.5908	0
WT	2020-12-20	0.642545406	2.895279475	1.630909091	1.223050649	0.365414854	2.895279475	0.970909091	0.632250649	0.365414854	0	0.66	0.5908	0
WT	2020-12-27	0.673723403	3.130818489	1.630909091	0.946750649	0.365414854	2.895279475	0.970909091	0.638450649	0.365414854	0.235539014	0.66	0.3083	0
WT	2021-01-03	0.703897193	3.148685923	1.630909091	1.223050649	0.365414854	2.895279475	0.970909091	0.638450649	0.365414854	0.253406448	0.66	0.5846	0
WT	2021-01-10	0.735328698	3.188034582	1.160909091	1.223050649	0.365414854	2.895279475	0.970909091	0.638450649	0.365414854	0.292755107	0.19	0.5846	0
WT	2021-01-17	0.764614501	3.273934602	1.630909091	1.713250649	0.365414854	2.895279475	0.970909091	0.638450649	0.365414854	0.378655127	0.66	1.0748	0
WT	2021-01-24	0.789604179	3.188034582	1.630909091	1.223050649	0.365414854	3.153833434	0.970909091	1.156650649	0.365414854	0.034201148	0.66	0.0664	0
WT	2021-01-31	0.806841961	3.188034582	1.630909091	1.713250649	0.365414854	3.153833434	0.900909091	1.156650649	0.365414854	0.034201148	0.73	0.5566	0
WT	2021-02-07	0.822823199	3.256524823	1.210909091	1.713250649	0.365414854	3.153833434	0.900909091	1.156650649	0.365414854	0.102691389	0.31	0.5566	0
WT	2021-02-14	0.835231382	3.334520031	1.160909091	1.223050649	0.371070085	3.188034582	0.900909091	1.156650649	0.371070085	0.146485449	0.26	0.0664	0
WT	2021-02-21	0.845237251	3.273934602	1.210909091	1.156650649	0.371070085	3.188034582	1.210909091	1.156650649	0.371070085	0.08590002	0	0	0
WT	2021-02-28	0.854434157	3.520314777	1.160909091	1.654950649	0.371070085	3.18583037	0.900909091	1.156650649	0.365414854	0.334484407	0.26	0.4983	0.005655231
WT	2021-03-07	0.863130897	3.267815709	0.970909091	1.654950649	0.371070085	3.188034582	0.900909091	1.156650649	0.371070085	0.079781127	0.07	0.4983	0
WT	2021-03-14	0.870879968	3.520314777	1.630909091	1.654950649	0.371070085	3.18583037	1.210909091	1.156650649	0.371070085	0.334484407	0.42	0.4983	0
WT	2021-03-21	0.878654344	3.273934602	1.210909091	1.654950649	0.371070085	3.195090321	1.210909091	1.156650649	0.371070085	0.078844281	0	0.4983	0
WT	2021-03-28	0.886802783	3.358526466	1.210909091	1.654950649	0.371070085	3.358526466	1.210909091	1.156650649	0.365414854	0	0	0.4983	0.005655231
WT	2021-04-04	0.896255625	3.367190822	1.210909091	1.654950649	0.371070085	3.358526466	1.210909091	1.156650649	0.365414854	0.008664356	0	0.4983	0.005655231
WT	2021-04-11	0.906419989	3.367190822	1.210909091	1.219050649	0.371070085	3.358526466	1.210909091	1.156650649	0.365414854	0.008664356	0	0.0624	0.005655231
WT	2021-04-18	0.916186692	3.462832063	1.210909091	1.156650649	0.371070085	3.358526466	1.210909091	1.156650649	0.365414854	0.104305597	0	0	0.005655231
WT	2021-04-25	0.925778448	3.520314777	1.210909091	1.156650649	0.399744949	3.290660792	1.210909091	1.156650649	0.365414854	0.229653985	0	0	0.034330095
WT	2021-05-02	0.935318635	3.546059981	1.240909091	1.483750649	0.371070085	3.276210076	1.210909091	1.156650649	0.365414854	0.269849905	0.03	0.3271	0.005655231
WT	2021-05-09	0.943785045	3.550461687	1.210909091	1.219050649	0.371070085	3.550461687	1.210909091	1.156650649	0.365414854	0	0	0.0624	0.005655231
WT	2021-05-16	0.950844628	3.68035774	1.210909091	1.483750649	0.371070085	3.68035774	1.210909091	1.483750649	0.365414854	0	0	0	0.005655231
WT	2021-05-23	0.956925642	3.550461687	1.210909091	1.483750649	0.399744949	3.550461687	1.210909091	1.483750649	0.365414854	0	0	0	0.034330095
WT	2021-05-30	0.961759089	3.550461687	1.210909091	1.325850649	0.371070085	3.550461687	1.210909091	0.735450649	0.365414854	0	0	0.5904	0.005655231
WT	2021-06-06	0.966181081	3.550461687	1.210909091	1.483750649	0.371070085	3.550461687	1.210909091	1.483750649	0.365414854	0	0	0	0.005655231
WT	2021-06-13	0.970182321	3.68035774	1.210909091	1.483750649	0.399744949	3.68035774	1.210909091	1.483750649	0.344769451	0	0	0	0.054975498
WT	2021-06-20	0.974291134	3.68035774	1.210909091	1.483750649	0.385841312	3.68035774	1.210909091	1.483750649	0.385841312	0	0	0	0
WT	2021-06-27	0.977486644	3.68035774	1.210909091	1.483750649	0.385841312	3.68035774	1.210909091	1.483750649	0.385841312	0	0	0	0
WT	2021-07-04	0.980481174	3.68035774	1.210909091	1.325850649	0.399744949	3.550461687	1.210909091	0.541950649	0.365414854	0.129896053	0	0.7839	0.034330095
WT	2021-07-11	0.982970177	3.68035774	1.210909091	1.483750649	0.385841312	3.550461687	1.210909091	0.507350649	0.342005954	0.129896053	0	0.9764	0.043835358
WT	2021-07-18	0.985886937	3.741978479	1.210909091	1.483750649	0.385841312	3.741978479	1.210909091	0.541950649	0.342005954	0	0	0.9418	0.043835358
XBB	2022-10-02	0.002396426	0.923086331	0	0.155528801	0.020843832	0.847769564	0	0.075200939	0	0.075316767	0	0.080327861	0.020843832
XBB	2022-10-09	0.004607474	2.674924848	0.73472028	0.522538801	0.069350545	0.876386357	0	0.075200939	0	1.798538492	0.73472028	0.447337861	0.069350545
XBB	2022-10-16	0.00681354	2.939045165	1.07472028	0.383378801	0.035875723	0.627181912	0	0	0	2.311863254	1.07472028	0.383378801	0.035875723
XBB	2022-10-23	0.009082851	1.399401173	0.73472028	0.271028801	0.015853157	0.904692785	0.73472028	0.271028801	0.015853157	0.494708388	0	0	0
XBB	2022-10-30	0.011030724	1.194597293	0.73472028	0.271028801	0	1.194597293	0	0	0	0	0.73472028	0.271028801	0
XBB	2022-11-06	0.013757073	1.133825278	0.81472028	0.389328801	0.032101096	0.878230192	0.73472028	0.271028801	0.015853157	0.255595087	0.08	0.1183	0.016247939
XBB	2022-11-13	0.017360193	2.939045165	0.73472028	0.271028801	0.020843832	1.194597293	0.73472028	0.271028801	0.015853157	1.744447873	0	0	0.004990675
XBB	2022-11-20	0.021692482	2.409913701	0.73472028	0.354548801	0.035775994	1.089258838	0.73472028	0.354548801	0.015853157	1.320654863	0	0	0.019922837
XBB	2022-11-27	0.027677692	2.674924848	0.89472028	0.399628801	0.158432025	1.41224556	0.73472028	0.321678801	0.015853157	1.262679288	0.16	0.07795	0.142578868
XBB	2022-12-04	0.036487195	2.939045165	0.73472028	0.334838801	0.032101096	1.397945596	0.73472028	0.316718801	0.015853157	1.54109957	0	0.01812	0.016247939
XBB	2022-12-11	0.048342008	2.674924848	0.73472028	0.354548801	0.037157461	1.690576627	0.73472028	0.354548801	0.015853157	0.984348221	0	0	0.021304304
XBB	2022-12-18	0.061485767	2.939045165	0.90472028	0.527728801	0.270172456	1.623957667	0.73472028	0.412428801	0.016006517	1.315087499	0.17	0.1153	0.254165939
XBB	2022-12-25	0.074918105	2.939045165	1.07472028	0.527728801	0.270172456	2.629074819	1.07472028	0.412428801	0.035875723	0.309970347	0	0.1153	0.234296733
XBB	2023-01-01	0.090319274	2.939045165	1.07472028	0.493438801	0.069350545	2.115375632	1.06472028	0.412428801	0.029702213	0.823669533	0.01	0.08101	0.039648332
XBB	2023-01-08	0.108001417	2.939045165	1.07472028	0.422728801	0.318745339	2.115375632	1.07472028	0.402528801	0.035875723	0.823669533	0	0.0202	0.282869616
XBB	2023-01-15	0.130262761	2.674924848	1.07472028	0.430878801	0.318745339	1.968773513	1.07472028	0.412428801	0.035875723	0.706151335	0	0.01845	0.282869616
XBB	2023-01-22	0.154472655	2.674924848	1.07472028	0.422728801	0.091039999	1.676365878	1.07472028	0.412428801	0.058292365	0.99855897	0	0.0103	0.032747634
XBB	2023-01-29	0.17905872	2.939045165	1.07472028	0.527728801	0.318745339	1.995115014	1.07472028	0.402528801	0.058292365	0.943930151	0	0.1252	0.260452974
XBB	2023-02-05	0.204069964	2.939045165	1.07472028	0.422728801	0.318745339	2.019156796	1.07472028	0.402528801	0.035875723	0.919888369	0	0.0202	0.282869616
XBB	2023-02-12	0.231718438	2.939045165	1.07472028	0.486048801	0.318745339	1.939364557	1.07472028	0.402528801	0.058292365	0.999680608	0	0.08352	0.260452974
XBB	2023-02-19	0.260707473	2.674924848	1.07472028	0.527728801	0.318745339	1.890058839	1.07472028	0.402528801	0.058292365	0.784866009	0	0.1252	0.260452974
XBB	2023-02-26	0.291851366	2.939045165	1.07472028	0.527728801	0.318745339	2.115375632	1.07472028	0.453178801	0.035875723	0.823669533	0	0.07455	0.282869616
XBB	2023-03-05	0.323932263	2.593852565	1.23472028	0.527728801	0.318745339	2.195353236	1.07472028	0.446908801	0.318745339	0.398499329	0.16	0.08082	0
XBB	2023-03-12	0.354390136	2.593852565	1.07472028	0.527728801	0.318745339	2.473773518	1.07472028	0.453178801	0.318745339	0.120079047	0	0.07455	0
XBB	2023-03-19	0.383921693	8.320172467	1.07472028	0.466898801	0.318745339	2.473773518	1.07472028	0.466898801	0.318745339	5.846398949	0	0	0
XBB	2023-03-26	0.412981885	2.525199879	1.07472028	0.527728801	0.318745339	2.473773518	1.07472028	0.466898801	0.318745339	0.05142636	0	0.06083	0
XBB	2023-04-02	0.444731837	8.320172467	1.07472028	0.527728801	0.318745339	2.602871475	1.07472028	0.466898801	0.318745339	5.717300992	0	0.06083	0
XBB	2023-04-09	0.477071235	8.320172467	1.07472028	0.492578801	0.318745339	2.602871475	1.07472028	0.466898801	0.318745339	5.717300992	0	0.02568	0
XBB	2023-04-16	0.509173104	2.939045165	1.23472028	0.527728801	0.318745339	2.736103922	1.07472028	0.514878801	0.069350545	0.202941243	0.16	0.01285	0.249394794
XBB	2023-04-23	0.541236934	3.159399428	1.07472028	0.514878801	0.318745339	2.736103922	1.07472028	0.514878801	0.318745339	0.423295506	0	0	0
XBB	2023-04-30	0.572466413	2.906881307	1.07472028	0.514878801	0.318745339	2.736103922	1.07472028	0.514878801	0.318745339	0.170777385	0	0	0
XBB	2023-05-07	0.601525526	2.736103922	1.07472028	0.514878801	0.318745339	2.736103922	1.07472028	0.514878801	0.318745339	0	0	0	0
XBB	2023-05-14	0.62611683	3.030301471	1.07472028	0.541378801	0.318745339	2.736103922	1.07472028	0.514878801	0.318745339	0.294197549	0	0.0265	0
XBB	2023-05-21	0.646628465	9.448851348	1.40472028	0.514878801	0.338767905	2.736103922	1.07472028	0.514878801	0.318745339	6.712747426	0.33	0	0.020022566
XBB	2023-05-28	0.6627869	9.448851348	1.16472028	0.522538801	0.318745339	2.602871475	1.07472028	0.522538801	0.318745339	6.845979873	0.09	0	0
XBB	2023-06-04	0.67707008	9.448851348	1.40472028	0.531128801	0.318745339	2.602871475	1.07472028	0.531128801	0.158432025	6.845979873	0.33	0	0.160313314
XBB	2023-06-11	0.688072843	3.030301471	1.07472028	0.522538801	0.318745339	2.602871475	1.07472028	0.522538801	0.069350545	0.427429996	0	0	0.249394794
XBB	2023-06-18	0.698082341	3.159399428	1.40472028	0.588428801	0.338767905	2.694357791	1.24472028	0.514878801	0.178454591	0.465041637	0.16	0.07355	0.160313314
XBB	2023-06-25	0.70656879	3.030301471	1.36472028	0.606058801	0.338767905	2.736103922	1.23472028	0.522538801	0.178454591	0.294197549	0.13	0.08352	0.160313314
XBB	2023-07-02	0.71582618	3.030301471	1.36472028	0.539918801	0.338767905	2.736103922	1.24472028	0.522538801	0.069845043	0.294197549	0.12	0.01738	0.268922862
XBB	2023-07-09	0.725016734	3.030301471	1.40472028	0.531128801	0.318745339	2.736103922	1.40472028	0.522538801	0.178454591	0.294197549	0	0.00859	0.140290748
XBB	2023-07-16	0.735473767	2.736103922	1.40472028	0.554208801	0.338767905	2.736103922	1.40472028	0.522538801	0.178454591	0	0	0.03167	0.160313314
XBB	2023-07-23	0.748339678	3.030301471	1.40472028	0.606058801	0.318745339	2.694357791	1.40472028	0.531128801	0.318745339	0.33594368	0	0.07493	0
XBB	2023-07-30	0.769733077	3.159399428	1.40472028	0.588428801	0.318745339	2.998791219	1.40472028	0.531128801	0.318745339	0.160608209	0	0.0573	0
XBB	2023-08-06	0.789124787	3.030301471	1.40472028	0.606058801	0.372242727	2.765208048	1.40472028	0.522538801	0.372242727	0.265093423	0	0.08352	0
XBB	2023-08-13	0.808094286	3.159399428	1.40472028	0.588428801	0.318745339	2.998791219	1.40472028	0.551988801	0.318745339	0.160608209	0	0.03644	0
XBB	2023-08-20	0.821409639	3.348922727	1.50472028	0.588428801	0.372242727	2.998791219	1.50472028	0.573188801	0.372242727	0.350131508	0	0.01524	0
XBB	2023-08-27	0.838245126	3.348922727	1.40472028	0.606058801	0.318745339	3.016703268	1.40472028	0.573188801	0.318134127	0.332219459	0	0.03287	0.000611212
XBB	2023-09-03	0.854325945	5.303105625	1.40472028	0.628438801	0.372242727	3.016703268	1.40472028	0.588428801	0.372242727	2.286402357	0	0.04001	0
XBB	2023-09-10	0.866505698	4.025216026	1.56472028	0.628438801	0.372242727	3.016703268	1.50472028	0.588428801	0.338767905	1.008512758	0.06	0.04001	0.033474822
XBB	2023-09-17	0.875194909	5.303105625	1.56472028	0.606058801	0.372242727	3.016703268	1.50472028	0.588428801	0.372242727	2.286402357	0.06	0.01763	0
XBB	2023-09-24	0.882431131	5.303105625	1.50472028	0.671768801	0.372242727	3.016703268	1.24472028	0.620908801	0.372242727	2.286402357	0.26	0.05086	0
XBB	2023-10-01	0.890220446	5.303105625	1.56472028	0.668538801	0.372242727	3.016703268	1.24472028	0.620908801	0.372242727	2.286402357	0.32	0.04763	0
XBB	2023-10-08	0.898051025	5.563833583	1.56472028	0.668538801	0.372242727	5.517194029	1.50472028	0.620908801	0.338767905	0.046639554	0.06	0.04763	0.033474822
XBB	2023-10-15	0.905506399	5.517194029	1.50472028	0.668538801	0.372242727	5.517194029	1.50472028	0.626338801	0.338767905	0	0	0.0422	0.033474822
XBB	2023-10-22	0.912537819	5.666336905	1.50472028	0.626338801	0.372242727	3.142737017	1.28472028	0.626338801	0.372242727	2.523599888	0.22	0	0
XBB	2023-10-29	0.919573091	5.666336905	1.56472028	0.671768801	0.372242727	3.253942659	1.28472028	0.628438801	0.318134127	2.412394246	0.28	0.04333	0.0541086
XBB	2023-11-05	0.926916888	5.666336905	1.50472028	0.709858801	0.372569474	3.338593549	1.28472028	0.709858801	0.318134127	2.327743356	0.22	0	0.054435347
XBB	2023-11-12	0.935210659	5.517194029	1.56472028	0.709858801	0.372569474	3.253942659	1.28472028	0.709858801	0.290195022	2.26325137	0.28	0	0.082374452
XBB	2023-11-19	0.944282589	5.666336905	1.56472028	0.671768801	0.372569474	5.517194029	1.28472028	0.628438801	0.290195022	0.149142876	0.28	0.04333	0.082374452
XBB	2023-11-26	0.954150838	5.666336905	1.50472028	0.709858801	0.389536358	5.517194029	1.28472028	0.628438801	0.290195022	0.149142876	0.22	0.08142	0.099341336
