Lineage	S:T19R	S:T19I	S:R21T	S:L24S	S:DEL25/27	S:S50L	S:A67V	S:DEL69/70	S:V83A	S:T95I	S:V127F	S:G142D	S:DEL143/145	S:DEL144/144	S:H146Q	S:E156G	S:F157S	S:DEL157/158	S:R158G	S:Q183E	S:N211I	S:DEL212/212	S:V213G	S:V213E	S:L216F	S:H245N	S:G252V	S:A264D	S:I332V	S:G339D	S:G339H	S:R346T	S:K356T	S:L368I	S:S371L	S:S371F	S:S373P	S:S375F	S:T376A	S:R403K	S:D405N	S:R408S	S:K417N	S:N440K	S:K444T	S:V445P	S:V445H	S:G446S	S:N450D	S:L452R	S:L452W	S:N460K	S:S477N	S:T478K	S:N481K	S:E484K	S:E484A	S:F486P	S:F486V	S:F490S	S:Q493R	S:G496S	S:Q498R	S:N501Y	S:Y505H	S:T547K	S:E554K	S:A570D	S:A570V	S:D614G	S:P621S	S:H655Y	S:N679K	S:P681H	S:P681R	S:T716I	S:N764K	S:D796Y	S:N856K	S:S939F	S:D950N	S:Q954H	S:N969K	S:L981F	S:S982A	S:D1118H	S:P1143L
B.1	0	0	0	0	0	0	0	0	0	0	0	0	0	0	0	0	0	0	0	0	0	0	0	0	0	0	0	0	0	0	0	0	0	0	0	0	0	0	0	0	0	0	0	0	0	0	0	0	0	0	0	0	0	0	0	0	0	0	0	0	0	0	0	0	0	0	0	0	0	1	0	0	0	0	0	0	0	0	0	0	0	0	0	0	0	0	0
B.1.1.7	0	0	0	0	0	0	0	1	0	0	0	0	0	1	0	0	0	0	0	0	0	0	0	0	0	0	0	0	0	0	0	0	0	0	0	0	0	0	0	0	0	0	0	0	0	0	0	0	0	0	0	0	0	0	0	0	0	0	0	0	0	0	0	1	0	0	0	1	0	1	0	0	0	1	0	1	0	0	0	0	0	0	0	0	1	1	0
AY.4	1	0	0	0	0	0	0	0	0	1	0	1	0	0	0	1	0	1	0	0	0	0	0	0	0	0	0	0	0	0	0	0	0	0	0	0	0	0	0	0	0	0	0	0	0	0	0	0	0	1	0	0	0	1	0	0	0	0	0	0	0	0	0	0	0	0	0	0	0	1	0	0	0	0	1	0	0	0	0	0	1	0	0	0	0	0	0
BA.1	0	0	0	0	0	0	1	1	0	1	0	1	1	0	0	0	0	0	0	0	1	1	0	0	0	0	0	0	0	1	0	0	0	0	1	0	1	1	0	0	0	0	1	1	0	0	0	1	0	0	0	0	1	1	0	0	1	0	0	0	1	1	1	1	1	1	0	0	0	1	0	1	1	1	0	0	1	1	1	0	0	1	1	1	0	0	0
BA.2	0	1	0	1	1	0	0	0	0	0	0	1	0	0	0	0	0	0	0	0	0	0	1	0	0	0	0	0	0	1	0	0	0	0	0	1	1	1	1	0	1	1	1	1	0	0	0	0	0	0	0	0	1	1	0	0	1	0	0	0	1	0	1	1	1	0	0	0	0	1	0	1	1	1	0	0	1	1	0	0	0	1	1	0	0	0	0
BA.5	0	1	0	1	1	0	0	1	0	0	0	1	0	0	0	0	0	0	0	0	0	0	1	0	0	0	0	0	0	1	0	0	0	0	0	1	1	1	1	0	1	1	1	1	0	0	0	0	0	1	0	0	1	1	0	0	1	0	1	0	0	0	1	1	1	0	0	0	0	1	0	1	1	1	0	0	1	1	0	0	0	1	1	0	0	0	0
BQ.1	0	1	0	1	1	0	0	1	0	0	0	1	0	0	0	0	0	0	0	0	0	0	1	0	0	0	0	0	0	1	0	0	0	0	0	1	1	1	1	0	1	1	1	1	1	0	0	0	0	1	0	1	1	1	0	0	1	0	1	0	0	0	1	1	1	0	0	0	0	1	0	1	1	1	0	0	1	1	0	0	0	1	1	0	0	0	0
XBB.1	0	1	0	1	1	0	0	0	1	0	0	1	0	1	1	0	0	0	0	1	0	0	0	1	0	0	1	0	0	0	1	1	0	1	0	1	1	1	1	0	1	1	1	1	0	1	0	1	0	0	0	1	1	1	0	0	1	0	0	1	0	0	1	1	1	0	0	0	0	1	0	1	1	1	0	0	1	1	0	0	0	1	1	0	0	0	0
BA.2.86	0	1	1	1	1	1	0	1	0	0	1	1	0	1	0	0	1	0	1	0	1	1	1	0	1	1	0	1	1	0	1	0	1	0	0	1	1	1	1	1	1	1	1	1	0	0	1	1	1	0	1	1	1	1	1	1	0	1	0	0	0	0	1	1	1	0	1	0	1	1	1	1	1	0	1	0	1	1	0	1	0	1	1	0	0	0	1
