Date	F157S	R346T	L455S	F456L	E484K	T572I	E1150D	V1104L	A27S	A475V
2023-10-01	0.979591836734694	0	0.163265306122449	0	0.948979591836735	0.0306122448979592	0.0102040816326531	0	0	0.0408163265306122
2023-10-08	0.968152866242038	0	0.197452229299363	0	0.968152866242038	0.00636942675159236	0.00636942675159236	0.00636942675159236	0	0
2023-10-15	0.984615384615385	0	0.266666666666667	0	0.969230769230769	0	0	0	0.00512820512820513	0.0153846153846154
2023-10-22	0.964566929133858	0.0078740157480315	0.338582677165354	0	0.964566929133858	0	0	0.0118110236220472	0.0196850393700787	0.0354330708661417
2023-10-29	0.982800982800983	0.00737100737100737	0.41031941031941	0.00491400491400491	0.953316953316953	0	0	0.00491400491400491	0.00982800982800983	0.0417690417690418
2023-11-05	0.992633517495396	0.00920810313075507	0.497237569060773	0.00552486187845304	0.957642725598527	0.00552486187845304	0	0.00920810313075507	0.00920810313075507	0.0110497237569061
2023-11-12	0.985594237695078	0.0108043217286915	0.565426170468187	0	0.945978391356543	0.0132052821128451	0	0.0120048019207683	0.0420168067226891	0.0204081632653061
2023-11-19	0.973214285714286	0.0105519480519481	0.63961038961039	0.000811688311688312	0.930194805194805	0.0105519480519481	0	0.00568181818181818	0.0657467532467532	0.023538961038961
2023-11-26	0.982688391038697	0.00661914460285132	0.746435845213849	0.00254582484725051	0.903767820773931	0.00814663951120163	0.000509164969450102	0.00712830957230143	0.0758655804480652	0.014765784114053
2023-12-03	0.981481481481482	0.00432098765432099	0.821604938271605	0.00185185185185185	0.919753086419753	0.0145061728395062	0.00154320987654321	0.00524691358024691	0.0774691358024691	0.0126543209876543
2023-12-10	0.979310344827586	0.00417972831765935	0.854127481713689	0.00229885057471264	0.929362591431557	0.0181818181818182	0.00208986415882968	0.00313479623824451	0.0666666666666667	0.00668756530825496
2023-12-17	0.978149920255183	0.00653907496012759	0.885326953748006	0.0025518341307815	0.94274322169059	0.0239234449760766	0.00526315789473684	0.00287081339712919	0.0567783094098884	0.00956937799043062
2023-12-24	0.97615449202351	0.00705289672544081	0.922586062132662	0.00201511335012594	0.940386230058774	0.0238455079764903	0.00403022670025189	0.00235096557514694	0.0512174643157011	0.00436607892527288
2023-12-31	0.98577051165607	0.00923402966999697	0.936572812594611	0.00211928549803209	0.96745382985165	0.029821374508023	0.00650923402967	0.00257341810475325	0.0280048440811384	0.00635785649409628
2024-01-07	0.990353241594552	0.0124840402894028	0.952191800255355	0.00312101007235069	0.959001276776848	0.0427010923535253	0.0124840402894028	0.00226982550716414	0.0337636544190665	0.00340473826074621
2024-01-14	0.994353640416048	0.0170876671619614	0.954680534918276	0.0050520059435364	0.958841010401189	0.0457652303120357	0.0147102526002972	0.00326894502228826	0.0407132243684993	0.00341753343239227
2024-01-21	0.995843325339728	0.0174260591526779	0.970743405275779	0.00511590727418066	0.964188649080735	0.0556354916067146	0.0195043964828137	0.00111910471622702	0.0388489208633093	0.00271782573940847
2024-01-28	0.996174578334203	0.0239958268127282	0.972700399930447	0.00573813249869588	0.980872891671014	0.0704225352112676	0.0262563032516084	0.00382542166579725	0.0199965223439402	0.00191271083289863
2024-02-04	0.997170645446507	0.0258178603006189	0.970468611847922	0.0114942528735632	0.984969053934571	0.0912466843501326	0.0358974358974359	0.00459770114942529	0.0226348364279399	0.00353669319186561
2024-02-11	0.99729392173189	0.0412156536219817	0.965029142381349	0.0158201498751041	0.99104912572856	0.104704412989176	0.0418401332223147	0.00728559533721898	0.00811823480432972	0.00228975853455454
2024-02-18	0.994169835234474	0.0456273764258555	0.965779467680608	0.0220532319391635	0.986311787072243	0.119138149556401	0.0463878326996198	0.0121673003802281	0.0119138149556401	0.000760456273764259
2024-02-25	0.996435996435996	0.0594000594000594	0.975942975942976	0.0267300267300267	0.987822987822988	0.15028215028215	0.0611820611820612	0.00861300861300861	0.0115830115830116	0.000594000594000594
2024-03-03	0.994350282485876	0.0867635189669088	0.983454398708636	0.0460048426150121	0.981840193704601	0.160209846650525	0.0645682001614205	0.0193704600484262	0.0161420500403551	0.00161420500403551
2024-03-10	0.995954146999326	0.0734996628455833	0.984490896830749	0.0708024275118004	0.977073499662846	0.19689817936615	0.0815913688469319	0.031018206338503	0.0202292650033715	0.00337154416722859
2024-03-17	0.997366110623354	0.100965759438104	0.989464442493415	0.121158911325724	0.980684811237928	0.204565408252853	0.0719929762949956	0.0658472344161545	0.0166812993854258	0.00438981562774363
2024-03-24	0.997179125528914	0.169252468265162	0.987306064880113	0.239774330042313	0.966149506346968	0.246826516220028	0.0930888575458392	0.110014104372355	0.0296191819464034	0.00141043723554302
TMP	-1	1	0	1	0	1	0	1	0	1
