Date	F456L	T478K	F486P	G252V	L455F	Q52H	F157L	T478R	F486S	D253G
2022-10-02	0	0.996503496503496	0	0.660839160839161	0	0	0	0	0.996503496503496	0.0769230769230769
2022-10-09	0.00419287211740042	0.9958071278826	0.00419287211740042	0.576519916142558	0.00209643605870021	0.00209643605870021	0.00209643605870021	0	0.989517819706499	0.0628930817610063
2022-10-16	0.00204081632653061	0.993877551020408	0.00408163265306122	0.612244897959184	0	0.00204081632653061	0.00204081632653061	0.00204081632653061	0.987755102040816	0.0612244897959184
2022-10-23	0	0.998031496062992	0.00196850393700787	0.708661417322835	0	0	0	0	0.994094488188976	0.0492125984251969
2022-10-30	0	1	0	0.65439672801636	0	0.00204498977505112	0.00204498977505112	0	0.983640081799591	0.081799591002045
2022-11-06	0	0.98884239888424	0.00836820083682008	0.694560669456067	0	0	0.00139470013947001	0.00278940027894003	0.98047419804742	0.108786610878661
2022-11-13	0	0.995934959349594	0.00508130081300813	0.728658536585366	0	0.00101626016260163	0.00101626016260163	0	0.982723577235772	0.114837398373984
2022-11-20	0	0.99537037037037	0.0314814814814815	0.741666666666667	0	0	0	0	0.957407407407407	0.140740740740741
2022-11-27	0	0.993482983345402	0.0369297610427227	0.637943519188994	0	0.000724112961622013	0.00217233888486604	0.000724112961622013	0.953656770456191	0.256335988414193
2022-12-04	0.000898876404494382	0.994157303370787	0.0871910112359551	0.539775280898876	0	0	0.00179775280898876	0	0.89438202247191	0.361348314606742
2022-12-11	0.000773694390715667	0.993810444874275	0.125725338491296	0.522243713733075	0.000386847195357834	0.00154738878143133	0.00154738878143133	0.000386847195357834	0.86073500967118	0.398065764023211
2022-12-18	0.000367511944138185	0.993384785005513	0.221977214259463	0.599411980889379	0	0.000735023888276369	0.000735023888276369	0	0.762954796030871	0.329658213891951
2022-12-25	0.00149253731343284	0.997388059701493	0.355223880597015	0.692164179104478	0	0.000746268656716418	0.00111940298507463	0.000373134328358209	0.632462686567164	0.244402985074627
2023-01-01	0.00233722871452421	0.992988313856427	0.548914858096828	0.781636060100167	0.000333889816360601	0.0010016694490818	0.00166944908180301	0.00166944908180301	0.43906510851419	0.164941569282137
2023-01-08	0.0023765513599155	0.989965672035912	0.698706099815157	0.866120940058093	0.000264061262212833	0.00132030631106417	0.00132030631106417	0.004753102719831	0.287826775811988	0.09506205439662
2023-01-15	0.00319926873857404	0.992687385740402	0.771480804387569	0.915676416819013	0	0.00251371115173675	0.000685557586837294	0.00274223034734918	0.219606946983547	0.0553016453382084
2023-01-22	0.00369721735746254	0.994356878770189	0.872932477135629	0.951936174352987	0	0.000583771161704612	0.000389180774469741	0.00175131348511384	0.116170461179218	0.0291885580852306
2023-01-29	0.00326119181737326	0.99273643640676	0.915950192706789	0.962496294100208	0	0.000741179958493922	0.000148235991698784	0.00252001185887934	0.0744144678327898	0.0210495108212274
2023-02-05	0.0031541595479038	0.988040478380865	0.933499802865028	0.970561177552898	0.000131423314495992	0.00197134971743987	0.000919963201471941	0.00499408595084768	0.0515179392824287	0.015245104481535
2023-02-12	0.00403006208474022	0.990632828667901	0.959045855571289	0.980176451366954	0	0.00174272955015793	0.000980285371963838	0.00348545910031587	0.0311512907090731	0.00871364775078967
2023-02-19	0.00321349668608154	0.991162884113276	0.961839726852782	0.983129142398072	0.000100421771440048	0.00120506125728058	0.00170717011448082	0.00351476200040169	0.025005021088572	0.0101425989154449
2023-02-26	0.00419062469544879	0.988402689796316	0.970665627131858	0.983529870383004	0.000194912776532502	0.000877107494396258	0.00194912776532502	0.00623720884904005	0.0168599551700614	0.0113049410388851
2023-03-05	0.00584374719050616	0.985255776319338	0.972759147711948	0.982648566034343	0	0.00170817225568642	0.00152836464982469	0.0106086487458419	0.0153735503011777	0.0129461476220444
2023-03-12	0.00636635477958908	0.97945403684769	0.975981479695187	0.979357576926787	0.00019291984180573	0.00202565833896016	0.00183273849715443	0.0161088067907784	0.0143725282145269	0.0176521655252243
2023-03-19	0.00901357099453109	0.965363581122139	0.974782256431031	0.973870771723719	0.000202552157180474	0.00182296941462427	0.0019242454932145	0.0301802714198906	0.015393963945716	0.02136925258254
2023-03-26	0.00878957958275972	0.94863920364291	0.973101768505771	0.973737159800911	0.000317695647569628	0.00116488404108864	0.00190617388541777	0.0446891877581277	0.0117547389600762	0.023085883723393
2023-04-02	0.010989010989011	0.917686087497408	0.968173336097864	0.962056811113415	0.000207339829981339	0.0010366991499067	0.00186605846983205	0.0711175616835994	0.0140991084387311	0.0336927223719677
2023-04-09	0.0195769576957696	0.903465346534653	0.978285328532853	0.954545454545455	0.00045004500450045	0.0027002700270027	0.00135013501350135	0.0871962196219622	0.010013501350135	0.0424167416741674
2023-04-16	0.0255757189854611	0.879125543881991	0.980154940040327	0.948317945452616	0.000530616576461849	0.00339594608935583	0.00233471293643213	0.111323357741696	0.0130531677809615	0.0446779157380877
2023-04-23	0.0204333670147075	0.866397215673066	0.984506567867969	0.949702481194566	0.00134725496800269	0.00359267991467385	0.0021331536993376	0.122038845851577	0.00886942853935107	0.0421017177500842
2023-04-30	0.0267847260653016	0.843718871057001	0.989596015495296	0.950747094631987	0.000774764803541782	0.00309905921416713	0.00199225235196458	0.148754842280022	0.00686220254565578	0.0465965688987272
2023-05-07	0.037888355645365	0.817504420308159	0.989391260419298	0.943546350088406	0.0015155342258146	0.00290477393281132	0.0022733013387219	0.173781257893407	0.00656731497852993	0.0525385198282395
2023-05-14	0.0522671734998642	0.799484116209612	0.98778169970133	0.939451534075482	0.00339397230518599	0.00610915014933478	0.00149334781428184	0.192234591365734	0.0065164268259571	0.0578332880803693
2023-05-21	0.0670902911186641	0.761785133737254	0.984631298950791	0.923452046697207	0.00265996748928624	0.00694547066646963	0.00177331165952416	0.225062804787941	0.00724102260972366	0.0731491059553717
2023-05-28	0.076037564374432	0.723265677067555	0.981066343532263	0.919721296576795	0.00287791578309603	0.0136322326567707	0.00363526204180551	0.260678582247804	0.00681611632838534	0.0778551953953348
2023-06-04	0.0887445887445888	0.715284715284715	0.984182484182484	0.903263403263403	0.00432900432900433	0.0194805194805195	0.00366300366300366	0.271395271395271	0.00466200466200466	0.0942390942390942
2023-06-11	0.0926253687315634	0.686529006882989	0.981120943952802	0.905801376597837	0.00530973451327434	0.0216322517207473	0.00432645034414946	0.296165191740413	0.00432645034414946	0.0916420845624385
2023-06-18	0.126746304920024	0.677667544037254	0.987446851589391	0.886616724033205	0.00708645474792468	0.044745899979753	0.00404940271309982	0.307552136059931	0.00546669366268475	0.11318080583114
2023-06-25	0.142676234698185	0.664204305614183	0.984592655128746	0.876108062473618	0.00823132123258759	0.0544533558463487	0.00506542845082313	0.322287885183622	0.00633178556352891	0.123047699451245
2023-07-02	0.183990442054958	0.648506571087216	0.987096774193548	0.878375149342891	0.00836320191158901	0.0719235364396655	0.00525686977299881	0.338351254480287	0.004778972520908	0.121146953405018
2023-07-09	0.219658514074758	0.634979233964006	0.988001845869866	0.86571296723581	0.00969081679741578	0.101753576372866	0.00576834333179511	0.352791878172589	0.00369173973234887	0.133594831564375
2023-07-16	0.264632107023411	0.627090301003345	0.98494983277592	0.871864548494983	0.0171404682274247	0.122491638795987	0.00689799331103679	0.359740802675585	0.00480769230769231	0.12688127090301
2023-07-23	0.313772938092357	0.617059891107078	0.985884250857028	0.876588021778584	0.0213752772736439	0.1607178866707	0.0110909457551926	0.370235934664247	0.00564629965718895	0.125025206694898
2023-07-30	0.363590688326913	0.615139842572433	0.986266956958633	0.867358901356557	0.0247864679283202	0.185396081058449	0.0137330430413666	0.371294590520851	0.00569418857812762	0.134818288393904
2023-08-06	0.405498776450266	0.596084640852166	0.986900820498057	0.882971066647474	0.0333957103785807	0.207859507701166	0.0214481070965885	0.389808550453433	0.004894198934792	0.118612350654959
2023-08-13	0.452842720510096	0.58355472901169	0.984192348565356	0.886689691817216	0.0411795961742827	0.232863974495218	0.0248405951115834	0.401036131774708	0.00557917109458023	0.116365568544102
2023-08-20	0.495080393568515	0.595872330213583	0.983081353491721	0.883369330453564	0.0491960643148548	0.268298536117111	0.0304775617950564	0.38708903287737	0.00251979841612671	0.119390448764099
2023-08-27	0.546070726915521	0.592927308447937	0.983693516699411	0.890962671905697	0.0613948919449902	0.306483300589391	0.0382121807465619	0.392239685658153	0.00461689587426326	0.11335952848723
2023-09-03	0.584185149469624	0.58794599807136	0.983124397299904	0.896239151398264	0.0720347155255545	0.333365477338476	0.0476374156219865	0.396914175506268	0.00395371263259402	0.109643201542912
2023-09-10	0.628207396920899	0.586710316758096	0.984073615289329	0.901610334454079	0.0994514245266325	0.367899486816493	0.0593700230047779	0.398513537427004	0.00318527694213414	0.105291098920545
2023-09-17	0.660772284373872	0.608715265247203	0.988993143269578	0.909960303139661	0.126849512811259	0.391374954889931	0.0714543486106099	0.379646337062432	0.0021652832912306	0.0963551064597618
2023-09-24	0.690720759602935	0.628312473025464	0.987915407854985	0.913767803193785	0.161070349589987	0.418644799309452	0.0808804488562797	0.361501942166595	0.00276219249028917	0.0931376780319379
2023-10-01	0.722695660691547	0.622392007052601	0.988637476736213	0.916838084043491	0.194534234498972	0.43451856205309	0.10382995396219	0.367322950337937	0.00254677245567636	0.0898227054559702
2023-10-08	0.754746023601847	0.654284248332478	0.993227296049256	0.931759876859928	0.226064648537712	0.466700872242175	0.131349409953822	0.338635197537199	0.00184710107747563	0.0744997434581837
2023-10-15	0.778096989197886	0.68030337853367	0.996322684440359	0.938979544932199	0.282693633647437	0.507584463341761	0.143645139048495	0.312916570903241	0.00195357389105953	0.0696391634107102
2023-10-22	0.799445248432224	0.716353111432706	0.99493487698987	0.937650747708635	0.326459237819585	0.528943560057887	0.16196333815726	0.278702363724071	0.0022913651712494	0.0637964302942595
2023-10-29	0.808771327149891	0.717393793656246	0.992900492385206	0.941371808084278	0.342264971945494	0.554677659452651	0.183556624298637	0.27722432153899	0.00389327836940341	0.0641245849078209
2023-11-05	0.852410353835194	0.760508192828307	0.993588221325101	0.949536927095702	0.388150083115649	0.605794348135835	0.21526953217763	0.233911184991688	0.00308715269532178	0.0539064355260033
2023-11-12	0.856173353970711	0.765924514823193	0.989641624002857	0.955470889391594	0.401000119061793	0.616025717347303	0.238837956899631	0.228360519109418	0.00392903917132992	0.0463150375044648
2023-11-19	0.88624853915076	0.799766264121543	0.990261005064277	0.961823139851967	0.437995065575899	0.636540708998831	0.251525775873263	0.194390338917024	0.00272691858200234	0.039864952603558
2023-11-26	0.892225421637186	0.80680104209516	0.987796517208282	0.964623611682435	0.447689565336624	0.655011655011655	0.281228575346222	0.189222542163719	0.00370218017276841	0.0364733305909776
2023-12-03	0.906856584275939	0.813573523250943	0.993157380254154	0.968579807289485	0.458455522971652	0.65954475631895	0.304845691942466	0.180701019410697	0.00293255131964809	0.0323977098170647
2023-12-10	0.909998440180939	0.82389642801435	0.994072687568242	0.964280143503354	0.487443456559039	0.664170956169084	0.305412572141632	0.169864295741694	0.00311963812197785	0.0354078926844486
2023-12-17	0.920212765957447	0.836573734409391	0.994130594277329	0.967718268525312	0.511555392516508	0.674798239178283	0.306493030080704	0.156089508437271	0.00311812179016875	0.0306309611151871
2023-12-24	0.92668301989643	0.854728808939766	0.989915508312892	0.967838648133006	0.496320523303352	0.687653311529027	0.345325701826111	0.139002452984464	0.00408830744071954	0.0283455982556555
2023-12-31	0.944741532976827	0.87379679144385	0.993226381461676	0.973618538324421	0.541176470588235	0.714081996434938	0.336185383244207	0.119429590017825	0.0035650623885918	0.02174688057041
2024-01-07	0.937921727395412	0.857399910031489	0.992802519118309	0.975258659469186	0.538461538461538	0.67476383265857	0.323436797121008	0.136302294197031	0.00224921277552856	0.0193432298695457
2024-01-14	0.937210839391937	0.871116986120291	0.994712491738268	0.974884335756775	0.554527428949108	0.694646397884997	0.307336417713153	0.118968935888962	0.00132187706543291	0.0185062789160608
2024-01-21	0.944105691056911	0.872967479674797	0.989837398373984	0.973577235772358	0.620934959349594	0.704268292682927	0.265243902439024	0.110772357723577	0.00101626016260163	0.0193089430894309
2024-01-28	0.946341463414634	0.900813008130081	0.99349593495935	0.973983739837398	0.660162601626016	0.721951219512195	0.242276422764228	0.0878048780487805	0.0016260162601626	0.0146341463414634
TMP	-1	1	0	1	0	1	0	1	0	1
