Date	T19I	R346T	K417N	F157L	T240I	D253G	Q613H	M153I	I666V	Y248D
2022-09-11	0.953757225433526	0.341040462427746	0.988439306358382	0	0	0	0	0	0.0635838150289017	0
2022-09-18	0.981865284974093	0.38860103626943	0.94300518134715	0	0	0	0	0	0.0440414507772021	0
2022-09-25	0.985775248933144	0.448079658605974	0.975817923186344	0	0	0	0	0.00142247510668563	0.0483641536273115	0
2022-10-02	0.996734693877551	0.514285714285714	0.973877551020408	0	0	0.000816326530612245	0.000816326530612245	0.000816326530612245	0.0546938775510204	0.000816326530612245
2022-10-09	0.989114299851559	0.521523998020782	0.971796140524493	0.000989609104403761	0.00148441365660564	0.0024740227610094	0	0	0.049480455220188	0
2022-10-16	0.983563445101907	0.509204470742932	0.975673898750822	0.00230111768573307	0.000328731097961867	0.0029585798816568	0.000986193293885602	0.000328731097961867	0.0608152531229454	0.000657462195923734
2022-10-23	0.98314606741573	0.563329928498468	0.980592441266599	0.00102145045965271	0.00153217568947906	0.004341164453524	0	0.00076608784473953	0.0423901940755873	0.000255362614913177
2022-10-30	0.97943784191662	0.544802867383513	0.981701565742313	0.00207508017355216	0.00150914921712884	0.00320694208639879	0.000188643652141105	0.00113186191284663	0.0454631201660064	0.000565930956423316
2022-11-06	0.982187586974673	0.555524631227387	0.984135819649318	0.000974116337322572	0.000278318953520735	0.00361814639576955	0.00139159476760367	0.00208739215140551	0.0427219593654328	0
2022-11-13	0.982285480237559	0.602088879787016	0.98238787630555	0.00235510956379275	0.000921564611918902	0.00399344665164858	0.00194552529182879	0.00440303092361253	0.0396272783125128	0
2022-11-20	0.982692973347179	0.593457943925234	0.980096919349256	0.00346140533056421	0.00138456213222568	0.00415368639667705	0.0017307026652821	0.0050190377293181	0.037815853236414	0.000519210799584631
2022-11-27	0.972688920139146	0.622973873140404	0.975871512101251	0.00458885352675598	0.000592110132484642	0.00473688105987714	0.00281252312930205	0.00717933535637629	0.0367108282140478	0.000296055066242321
2022-12-04	0.979427083333333	0.634322916666667	0.980520833333333	0.00416666666666667	0.000833333333333333	0.00552083333333333	0.00380208333333333	0.00744791666666667	0.03828125	0.000364583333333333
2022-12-11	0.980399162880915	0.659741718135879	0.980807513654229	0.00760553315297841	0.00122505231994283	0.00648256852636415	0.0046449900464499	0.0112806901128069	0.0344035526517278	0.0006635700066357
2022-12-18	0.975	0.693932038834951	0.97121359223301	0.00810679611650485	0.00140776699029126	0.00975728155339806	0.00669902912621359	0.0114563106796117	0.0302912621359223	0.00116504854368932
2022-12-25	0.983020870180403	0.713275051796453	0.973874374652585	0.0101571580170802	0.00151599373389257	0.0122795492445298	0.00555864369093941	0.0150083379655364	0.0311284046692607	0.00212239122744959
2023-01-01	0.981000387747189	0.709909710297458	0.983216085969091	0.0110784911095109	0.00221569822190218	0.0121309477649144	0.00481914363263723	0.0213260953858085	0.0332908657840802	0.00271423032183017
2023-01-08	0.975569827477648	0.739831255509382	0.977899508877975	0.01120765646644	0.00264450321118247	0.0142929102128195	0.00812240272006045	0.0164336985266339	0.0356378289887923	0.00390379045460269
2023-01-15	0.981664441477526	0.754962171784602	0.975878949710725	0.0141522029372497	0.00249221183800623	0.0129951045838896	0.00676457498887405	0.0200267022696929	0.0344459279038718	0.00534045393858478
2023-01-22	0.987240459343464	0.769400301589143	0.97192901055562	0.0148474654912423	0.00475582879016355	0.0135715114255887	0.00893167845957546	0.0216912191161118	0.0335227931794455	0.00475582879016355
2023-01-29	0.983075499140553	0.792145973819913	0.965622107629248	0.019568954118736	0.0037022345630041	0.0128255983075499	0.0134867116223721	0.0212878487372736	0.0308078804707127	0.00978447705936798
2023-02-05	0.984841075794621	0.799511002444988	0.965933170334148	0.0303178484107579	0.00342298288508557	0.0223308883455583	0.0197229013854931	0.0223308883455583	0.0317848410757946	0.017440912795436
2023-02-12	0.984962406015038	0.816778789077958	0.968539770478829	0.037198258804907	0.00633161851998417	0.018005540166205	0.0203798971111991	0.0294815987336763	0.0275029679461812	0.0211713494261971
2023-02-19	0.985510579576817	0.813707451701932	0.961131554737811	0.0441582336706532	0.0101195952161914	0.0250689972401104	0.0209291628334867	0.0278288868445262	0.031048758049678	0.0262189512419503
2023-02-26	0.984745212593314	0.836741317753976	0.972086984745213	0.0454397922752353	0.0152547874066861	0.0308341447581954	0.0305095748133723	0.0275884453099643	0.029535864978903	0.0305095748133723
2023-03-05	0.989422653151168	0.851476421330983	0.956809167033936	0.0480387836051124	0.0180696342000881	0.0255619215513442	0.0321727633318643	0.0383428823270163	0.0312913177611282	0.0431908329660643
2023-03-12	0.983500294637596	0.849734826163818	0.965822038892163	0.060695344725987	0.00589275191514437	0.0459634649381261	0.0353565114908662	0.037713612256924	0.0241602828520919	0.0530347672362994
2023-03-19	0.977291841883936	0.833473507148865	0.970563498738436	0.0597140454163162	0.0235492010092515	0.0420521446593776	0.039529015979815	0.0428931875525652	0.0555088309503785	0.0588730025231287
2023-03-26	0.982578397212544	0.859465737514518	0.974448315911731	0.040650406504065	0.040650406504065	0.0278745644599303	0.0592334494773519	0.0441347270615563	0.0348432055749129	0.0557491289198606
2023-04-02	0.984917043740573	0.822021116138763	0.984917043740573	0.0482654600301659	0.0467571644042232	0.0437405731523379	0.0603318250377074	0.028657616892911	0.0663650075414781	0.0377073906485671
TMP	-1	1	0	1	0	1	0	1	0	1
