Date	S373P	K417N	N440K	G446S	N764K	L452R	R346K	S371L	A701V	I233V
2021-11-28	0.969945355191257	0.945355191256831	0.975409836065574	0.994535519125683	0.997267759562842	0	0.0956284153005464	0.969945355191257	0.040983606557377	0
2021-12-05	0.978615071283096	0.878818737270876	0.939918533604888	0.958248472505092	0.984725050916497	0.0285132382892057	0.110997963340122	0.972505091649694	0.0845213849287169	0
2021-12-12	0.980527190691047	0.848966991213489	0.938969365946331	0.956067442412729	0.988126335787224	0.0353835193540727	0.183804322013773	0.979577297554025	0.0653051531702683	0
2021-12-19	0.980921594726501	0.910185713380237	0.947328389427648	0.964315142295747	0.985168282943525	0.027571781707549	0.316473347277683	0.978069341446409	0.0495024402611396	0.000190150218672751
2021-12-26	0.987459865511601	0.913521536317926	0.947113345853274	0.958320712425032	0.983825043920761	0.0105712727933604	0.386351244926395	0.983522142121524	0.0565517659174895	0.00184770097534379
2022-01-02	0.973736317106885	0.886464676654089	0.933948518698397	0.950816303657489	0.978406246497553	0.00982553143796466	0.443026861433855	0.965591960249561	0.047782717525311	0.00353046661934472
2022-01-09	0.98924082324393	0.914029298856035	0.925674374414216	0.944008627883986	0.975592846046195	0.00329965206003569	0.502022160309166	0.983694326395933	0.0657234198261584	0.00816567591510778
2022-01-16	0.996745287877227	0.958574518488001	0.970995983108456	0.980863116695849	0.995220929034916	0.00187454938716655	0.511648985477392	0.991574827479658	0.0966216912143372	0.00736430116386858
2022-01-23	0.996580621654194	0.933350149948149	0.950007941179218	0.956771957360539	0.983613143118735	0.000448443061745004	0.559180470304661	0.99192802488859	0.0859982996533909	0.00718443155170642
2022-01-30	0.997813753675627	0.912506422098578	0.931242553098458	0.938260403799696	0.973251276221292	0.000513767886227741	0.600376034367792	0.993047736688493	0.0755676042019654	0.0062308020244641
2022-02-06	0.997681060086817	0.927724468814256	0.954797806716929	0.963822252684487	0.97570253598355	0.00028558373315056	0.628878227096185	0.991946538725154	0.0752456020105095	0.00514050719671008
2022-02-13	0.997777749232489	0.929401790645994	0.961669385605467	0.968657272411977	0.977905946126476	0.000205526082544413	0.675294480340146	0.993256175416511	0.0627496820768411	0.00542075042710889
2022-02-20	0.997706947947718	0.934232400825499	0.963454482916762	0.972741343728503	0.979749484063288	0.000171978903921119	0.716277803256134	0.98973859206604	0.05276886035313	0.00554631965145609
2022-02-27	0.996014579828567	0.918228791155972	0.968857646399103	0.97220219498518	0.969738844828967	0.000440599214932308	0.752723704237763	0.987422895137387	0.0401145557958824	0.00714972362412881
2022-03-06	0.995977813098057	0.946900645496124	0.971585195757242	0.976710240358104	0.9804080573486	0.00022705893801291	0.789938045346914	0.987771254338448	0.0336047228259107	0.00982840831684453
2022-03-13	0.997604988231408	0.95354503035058	0.978486187389024	0.983647850683404	0.980798612544907	0.000206466531775199	0.810876656893918	0.985340876243961	0.0312590329107652	0.011355659247636
2022-03-20	0.998780487804878	0.955243902439024	0.980182926829268	0.982195121951219	0.988231707317073	0.000365853658536585	0.834878048780488	0.990853658536585	0.030609756097561	0.011890243902439
2022-03-27	0.998627630375114	0.963677950594694	0.98316559926807	0.982799634034767	0.992040256175663	0.000365965233302836	0.866422689844465	0.992223238792315	0.0252516010978957	0.0168344007319305
2022-04-03	0.999016853932584	0.963904494382023	0.984269662921348	0.985674157303371	0.995365168539326	0.000280898876404494	0.875561797752809	0.990168539325843	0.0235955056179775	0.0226123595505618
2022-04-10	0.998616600790514	0.950592885375494	0.98300395256917	0.984782608695652	0.989328063241107	0.000790513833992095	0.909288537549407	0.990513833992095	0.0134387351778656	0.0243083003952569
2022-04-17	0.99860188745194	0.945473610625655	0.981824536875218	0.981824536875218	0.981125480601188	0.000699056274030059	0.915763718979378	0.986368402656414	0.0129325410695561	0.0272631946871723
2022-04-24	0.997563946406821	0.942752740560292	0.982338611449452	0.973812423873325	0.980511571254568	0.00243605359317905	0.903166869671133	0.979293544457978	0.01278928136419	0.0292326431181486
2022-05-01	0.998972250770812	0.959917780061665	0.985611510791367	0.969167523124358	0.985611510791367	0.00205549845837616	0.887975334018499	0.982528263103803	0.0195272353545735	0.0246659815005139
2022-05-08	1	0.966386554621849	0.952941176470588	0.952941176470588	0.996638655462185	0	0.873949579831933	0.971428571428571	0.0134453781512605	0.0151260504201681
2022-05-15	1	0.958630527817404	0.975748930099857	0.960057061340941	0.990014265335235	0	0.651925820256776	0.98716119828816	0.0128388017118402	0.0128388017118402
TMP	-1	1	0	1	0	1	0	1	0	1
