Date	G142D	A222V	T95I	D950N	I850L	Y145H	S943P	K77T	Q414R	W1214G
2021-03-14	0.13216957605985	0.0423940149625935	0.528678304239402	0.917705735660848	0.236907730673317	0	0	0.0174563591022444	0.00249376558603491	0
2021-03-21	0.513513513513513	0.198198198198198	0.0990990990990991	0.738738738738739	0	0	0	0.0810810810810811	0	0
2021-03-28	0.457446808510638	0.159574468085106	0.0638297872340425	0.882978723404255	0	0	0.0531914893617021	0.0957446808510638	0	0
2021-04-04	0.532338308457711	0.278606965174129	0.0597014925373134	0.91044776119403	0	0	0	0.0796019900497512	0	0
2021-04-11	0.585127201565558	0.332681017612524	0.0626223091976517	0.947162426614481	0	0	0	0.060665362035225	0	0.00195694716242661
2021-04-18	0.54627539503386	0.297968397291196	0.135440180586907	0.946952595936795	0	0.00112866817155756	0	0.0981941309255079	0	0.00225733634311512
2021-04-25	0.688741721854305	0.251655629139073	0.143046357615894	0.962913907284768	0	0	0	0.0721854304635762	0	0
2021-05-02	0.753932014205987	0.185185185185185	0.227803145611365	0.962455606291223	0.00405885337392187	0.0030441400304414	0	0.0766108574327752	0.00101471334348047	0.000507356671740233
2021-05-09	0.78405524168236	0.175768989328311	0.332705586942875	0.962335216572505	0.0091023226616447	0.00784682988072819	0	0.0637162586315129	0	0
2021-05-16	0.764563839420465	0.159372170238455	0.445819498943556	0.938122547539994	0	0.000301841231512225	0	0.0570479927558104	0	0.00332025354663447
2021-05-23	0.884422110552764	0.150394831299354	0.547738693467337	0.977745872218234	0	0	0	0.0240488155061019	0	0
2021-05-30	0.933284303425089	0.13773902080269	0.624606009665896	0.986656860685018	0	0	0	0.0154444210968691	0	0.00966589619667997
2021-06-06	0.912886424731183	0.128948252688172	0.610719086021505	0.98479502688172	0.000168010752688172	8.4005376344086E-05	8.4005376344086E-05	0.0126008064516129	0	0.0456149193548387
2021-06-13	0.896087734308159	0.147234969277436	0.552461694018822	0.986466516294625	7.77786419849109E-05	0.000777786419849109	0	0.0138445982733141	0	0.0723341370459672
2021-06-20	0.863987391646966	0.162174940898345	0.469109535066982	0.969503546099291	0.00189125295508274	0.00086682427107959	0	0.0186761229314421	0	0.0449172576832151
2021-06-27	0.853837497186586	0.133693450371371	0.526986270537925	0.971055593067747	0.00184559981994148	0.00229574611748818	4.50146297546703E-05	0.0137294620751744	4.50146297546703E-05	0.152419536349314
2021-07-04	0.857544335691443	0.120134379946377	0.501146751946248	0.970636689601706	0.000904480408308299	0.00226120102077075	0.00071066317795652	0.0106599476693478	0.000258422973802371	0.113286171140614
2021-07-11	0.84943904263276	0.117676389927699	0.423435552231364	0.968611318873099	0.0006232859636001	0.00241834953876839	0.000523560209424084	0.0118424333084019	2.4931438544004E-05	0.0162054350536026
2021-07-18	0.772305668238132	0.137353360377152	0.384102620326719	0.963205788838943	0.000482403245258195	0.00254358074772503	0.000548185505975222	0.0161605087161495	4.38548404780178E-05	0.0078938712860432
2021-07-25	0.746517319277108	0.135604919678715	0.398641440763052	0.958898092369478	0.0008785140562249	0.00260416666666667	0.000423569277108434	0.0149974899598394	0	0.00432981927710843
2021-08-01	0.766749198951355	0.124830080590349	0.422516749198951	0.966477327895912	0.00395669482474027	0.00326488008544519	0.000133508107583261	0.01228274589766	1.21371006893873E-05	0.00696669579570832
2021-08-08	0.749795776775623	0.12149323545539	0.407607175229122	0.967458567863657	0.00572944059621991	0.00306614594407081	0	0.0131374282421136	3.35709409934761E-05	0.00145474077638396
2021-08-15	0.849648215745656	0.104936494593692	0.430708289672167	0.97348087928791	0.00460601315016754	0.00465207328166922	8.0605230127932E-05	0.00688598965950048	0.000138180394505026	0.00139331897792568
2021-08-22	0.872244191155566	0.0843520887717212	0.402445013052131	0.978005220852395	0.00408363702152955	0.00559130891766388	3.44610719116418E-05	0.00415255916535284	0.00018953589551403	0.000585838222497911
2021-08-29	0.818492827234471	0.10695658561669	0.479940393111627	0.975622041955694	0.00186796234691629	0.0105991121931767	4.1976681953175E-05	0.00421865653629409	0.000241365921230756	0.000975957855411319
2021-09-05	0.800150533758786	0.113027530716307	0.45108182887916	0.974048828062885	0.00220500153714049	0.011830681324273	0	0.00391175753463867	0.000530048446428003	0.00343471393285346
2021-09-12	0.755041590095754	0.108170519392591	0.425597253119257	0.973196150498114	0.00400183770190541	0.0112196537382726	1.20901441145178E-05	0.00339733049617951	0.000544056485153303	0.00465470548408937
2021-09-19	0.759039836567927	0.100497957099081	0.423327374872319	0.970097037793667	0.00234933605720123	0.0173008171603677	0	0.00263023493360572	0.000561797752808989	0.00314096016343207
2021-09-26	0.774852943231197	0.0971203420379763	0.442316021852426	0.97250282935826	0.00297606572494446	0.0237246929622333	0	0.00213773735172067	0.000475052744826815	0.00934736136144528
2021-10-03	0.782016650736262	0.0959425951322224	0.440510327058139	0.975079305711396	0.00486223662884927	0.0254193852248958	0	0.0015791879649254	0.000664921248389644	0.0273587388660322
2021-10-10	0.787908807695817	0.0915312121172621	0.42432576873444	0.972457212873288	0.00209862220889764	0.0271126347484912	0	0.00149901586349831	0.000612641265951484	0.0647053456209184
2021-10-17	0.793952649443979	0.0889207652213433	0.421397224865433	0.974861882376333	0.00241439547797929	0.0281774154606525	0	0.00146283961312863	0.000497081421936913	0.0334890855122069
2021-10-24	0.816580198875919	0.0995580535139549	0.464344045731854	0.974047653360234	0.00242590190709516	0.0418528126050824	0	0.000960753230532738	0.000552433107556324	0
2021-10-31	0.843168492089833	0.0966921119592875	0.46353578935723	0.980650514437438	0.00252240292067707	0.0480030976877973	0	0.000453589998893683	0.000796548290740126	0
2021-11-07	0.847629680167049	0.098906324298621	0.456066902354814	0.976844673241126	0.00458971655399119	0.0536810767226943	0	0.000444499576174823	0.000682255163431123	0
2021-11-14	0.921283758369066	0.105346799067178	0.476952155269691	0.984239825472053	0.00384600917776273	0.067845858722636	0	0.000413751598585722	0.000865116978861055	0
2021-11-21	0.926143082380765	0.114751675206937	0.488667717776902	0.983533701221916	0.0030449349625542	0.0793456838785968	0	0.000295624753646039	0.000837603468663776	9.85415845486795E-06
2021-11-28	0.917513944223108	0.130496679946879	0.509853917662683	0.98004780876494	0.00385657370517928	0.0986772908366534	0	0.000180610889774236	0.00113678618857902	0
2021-12-05	0.914759422271601	0.131783608238612	0.494556020852919	0.978890693103154	0.00499102640799932	0.0985044013332194	0	0.000299119733356123	0.0011110161524656	2.56388342876677E-05
2021-12-12	0.931019010739263	0.138693535958487	0.496639712839321	0.972054505906107	0.00325786911949747	0.107275582563572	0	0.00033163937144585	0.00171672145219028	0
2021-12-19	0.905603755645353	0.123529236985976	0.44011468980271	0.962146422628952	0.00436772046589018	0.0865521749465177	0	0.000118849536486808	0.00297123841217019	0
2021-12-26	0.873069454817028	0.100881254667662	0.414996265870052	0.956624346527259	0.00905153099327857	0.0573562359970127	2.98730395817774E-05	0.000149365197908887	0.00657206870799104	0
2022-01-02	0.874000101900443	0.0886024354205941	0.418708921383808	0.943343353543588	0.00861058745605543	0.0437662403831457	0	0.000152850664900392	0.0119223518622306	0
2022-01-09	0.893934344275954	0.0947342109648392	0.408765205799033	0.944175970671555	0.0097483752707882	0.0391601399766706	0.000166638893517747	0.000249958340276621	0.0439926678886852	0
2022-01-16	0.918997107039537	0.0910318225650916	0.447444551591128	0.936933461909354	0.00867888138862102	0.0347155255544841	0	0	0.0727097396335583	0
2022-01-23	0.90300720033884	0.0855569673867005	0.441338415925455	0.941126641253706	0.0101651842439644	0.0419313850063532	0	0.000847098686997035	0.0677678949597628	0
2022-01-30	0.913255360623782	0.0789473684210526	0.450292397660819	0.950292397660819	0.00389863547758285	0.0389863547758285	0	0	0.0721247563352826	0
2022-02-06	0.938405797101449	0.103260869565217	0.467391304347826	0.965579710144927	0.0072463768115942	0.0416666666666667	0	0	0.0634057971014493	0
TMP	-1	1	0	1	0	1	0	1	0	1
