Date	R346T	R408S	N440K	N460K	A1020S	G257D	T76I	K444N	N658S	V3G
2022-04-17	0.00497512437810945	0.850746268656716	0.985074626865672	0	0.00497512437810945	0	0.0149253731343284	0	0.134328358208955	0.218905472636816
2022-04-24	0.00684931506849315	0.945205479452055	0.969178082191781	0	0.00342465753424658	0	0.0171232876712329	0	0.167808219178082	0.318493150684932
2022-05-01	0	0.85258358662614	0.97112462006079	0	0.00759878419452888	0	0.0455927051671733	0	0.120060790273556	0.189969604863222
2022-05-08	0.00305810397553517	0.90519877675841	0.963302752293578	0	0.00305810397553517	0	0.0672782874617737	0.00101936799184506	0.100917431192661	0.190621814475025
2022-05-15	0.00574712643678161	0.956635318704284	0.952978056426332	0	0.00417972831765935	0	0.0715778474399164	0	0.0846394984326019	0.211598746081505
2022-05-22	0.00380107697180868	0.955020589166931	0.960405448210326	0	0.00886917960088692	0	0.0959771935381692	0.00031675641431739	0.070636680392778	0.200823566677225
2022-05-29	0.00753037823036112	0.972274516515489	0.953448570939586	0	0.00599007359233271	0	0.0963546123566661	0.000513434879342803	0.0812938558959439	0.170631524901592
2022-06-05	0.00779727095516569	0.980228348649401	0.93530121600297	0.000185649308456326	0.00631207648751508	9.2824654228163E-05	0.0892973173674928	0.000835421888053467	0.0707323865218602	0.153531978093382
2022-06-12	0.00968854343423285	0.982100826536756	0.956428923312716	0.000164212600580218	0.0091959056324922	0	0.086704253106355	0.000273687667633696	0.06781980403963	0.144671301111172
2022-06-19	0.0094055140723722	0.977599080987938	0.948341470419299	7.17978173463527E-05	0.00972860425043079	0	0.0709362435381964	0.000897472716829408	0.0538842619184377	0.109958357265939
2022-06-26	0.0110177552314521	0.972548087085183	0.954026632847178	5.28429507503699E-05	0.0146903403086028	0.00010568590150074	0.0597917987740435	0.000819065736630733	0.0480870851828366	0.0843637708729656
2022-07-03	0.0170737064920023	0.96896778960401	0.943566906963277	0	0.0190906004752681	0.000139784731513469	0.0589292489566068	0.00103840086267149	0.0497833336661541	0.0739061844759071
2022-07-10	0.0196225386659399	0.973649247121346	0.945816583770525	0	0.0296041425359406	0.000136267629624583	0.0594126865163181	0.00153301083327656	0.0446276487020508	0.0634836819513525
2022-07-17	0.024096571050241	0.969405823209694	0.948250111629482	3.07943400003079E-05	0.0377846551803778	0.00015397170000154	0.0579549478805795	0.00203242644002032	0.0425269835404253	0.0498560364604986
2022-07-24	0.0286363489863667	0.96865633158217	0.953572694749734	0.000128919972926806	0.0383375769491088	0.000273954942469462	0.0495697295903568	0.00256228446192026	0.0390305218035904	0.0418345312147484
2022-07-31	0.0351311140040915	0.972307978426632	0.945341268365259	0.000260368235075321	0.0417519062674354	0.00013018411753766	0.0462153617258694	0.00226892319137065	0.0405616514785196	0.0354100799702436
2022-08-07	0.0447674418604651	0.975621491579791	0.9542101042502	0.000220529270248597	0.0427024859663192	0.000200481154771451	0.0449077786688051	0.00282678428227747	0.0445870088211708	0.0318163592622294
2022-08-14	0.0524014499320344	0.978318985047576	0.96110104213865	0.000203896692342546	0.0426823742637064	0.000294517444494789	0.0378794743996375	0.00240144993203444	0.0467149977344812	0.0266425011327594
2022-08-21	0.0601087962440467	0.980385075502788	0.967451414125454	0.000225718348644561	0.0496806085366679	0.000270862018373474	0.033451459269124	0.00255061733968354	0.0464076924813218	0.019795499176128
2022-08-28	0.0711817396444323	0.98176692584004	0.967398717773837	0.00034101759650798	0.0583140090028645	0.00038648660937571	0.0324648751875597	0.00259173373346065	0.0523120993043241	0.0180966671213568
2022-09-04	0.0859556440292984	0.982466886149606	0.970854707398617	0.000689074343465278	0.0596942551616773	0.000408340351683128	0.0287369522497001	0.0028073399178215	0.0569379577878161	0.0169206033228696
2022-09-11	0.104272245972651	0.976699413946377	0.96531808272699	0.0011324707680983	0.0598510800939951	0.000509611845644234	0.0231024036692053	0.00376546530392684	0.0629370629370629	0.0124005549106764
2022-09-18	0.12819587628866	0.982757731958763	0.97298969072165	0.00149484536082474	0.0561855670103093	0.000335051546391753	0.0236082474226804	0.00402061855670103	0.0668041237113402	0.0102319587628866
2022-09-25	0.14654148193225	0.984815555362369	0.978527340693732	0.00168072097134081	0.0561882407487902	0.000260801530035643	0.0187487322147845	0.00423078037613376	0.0665913240024341	0.00875134023008491
2022-10-02	0.17166069137914	0.983981843896984	0.97441042002434	0.00309180015130086	0.0585468539288886	0.000624938328454429	0.016347071012729	0.00490083215472157	0.0629543137190409	0.00815708976087886
2022-10-09	0.203230758495569	0.98580001395576	0.968564650059312	0.00596608750261671	0.0579512943967623	0.000697788012001954	0.0128392994208359	0.00680343311701905	0.0535203405205499	0.00617542390621729
2022-10-16	0.234237536656891	0.985923753665689	0.976099706744868	0.00854105571847507	0.0640762463343108	0.000806451612903226	0.0136363636363636	0.00850439882697947	0.0571114369501466	0.00564516129032258
2022-10-23	0.247625340711985	0.981869992566284	0.971380193276617	0.013752374659288	0.0717766581316594	0.000743371603204758	0.0123895267200793	0.0114809614272735	0.0489386305443132	0.00388205170562485
2022-10-30	0.276421007132051	0.982277933866436	0.973071104387292	0.0293926950507888	0.0729198184568835	0.00103738923708667	0.0100713205100497	0.0180678625459261	0.048411497730711	0.00419278149989194
2022-11-06	0.299956799308789	0.975519608313733	0.979887678202851	0.0319685114961839	0.0772332357317717	0.00192003072049153	0.0112321797148754	0.0207843325493208	0.0490567849085585	0.00307204915278644
2022-11-13	0.305779369342485	0.963344275340694	0.97667362976226	0.0627175967372924	0.0901720879339501	0.00169103750124341	0.0105441161842236	0.0354620511290162	0.0396896448821247	0.00377996617924998
2022-11-20	0.321679482214969	0.97140012170161	0.974387343032583	0.0598550644465343	0.109642086629419	0.00365104829341152	0.00923825856060187	0.034850915528019	0.0357913370581402	0.00320849698511921
2022-11-27	0.341509897946637	0.982663223902619	0.976884298536825	0.0654125169064306	0.118345014139924	0.00577892536579368	0.00983646870773392	0.044325587114226	0.0308004426410918	0.00196729374154678
2022-12-04	0.38616976223607	0.985359065884204	0.97973259120334	0.073628168673241	0.126323431544558	0.00798596406316172	0.00986145562344969	0.0511222699497852	0.0284348720430758	0.00272248774880513
2022-12-11	0.39760348583878	0.986928104575163	0.975744371822803	0.0753086419753086	0.137690631808279	0.00922294843863471	0.00973129992737836	0.0477850399419027	0.0244734931009441	0.0027596223674655
2022-12-18	0.419984139571768	0.990087232355274	0.973433782712133	0.0783505154639175	0.145360824742268	0.0145122918318795	0.0091197462331483	0.0455194290245837	0.0179222839016653	0.00206185567010309
2022-12-25	0.446463335496431	0.989153610827848	0.973857420969686	0.0831556503198294	0.15917307870585	0.0205803281728006	0.00880689719106332	0.0480207657365347	0.0163159358487068	0.00213219616204691
2023-01-01	0.465254130407365	0.99041493252617	0.978055240257283	0.105940219447597	0.139740194223736	0.021566401816118	0.00996342540042881	0.0595283137848405	0.0150081977550763	0.0030268634127885
2023-01-08	0.476159793814433	0.994845360824742	0.979639175257732	0.093298969072165	0.159922680412371	0.031701030927835	0.00837628865979381	0.051159793814433	0.0122422680412371	0.00231958762886598
2023-01-15	0.497594011762609	0.989663161646765	0.979504544644448	0.105328818392443	0.160220994475138	0.0433077882730351	0.00748529673854928	0.0516841917661736	0.00837640349313848	0.0008911067545892
2023-01-22	0.518820861678005	0.981859410430839	0.981632653061224	0.100680272108844	0.173015873015873	0.0562358276643991	0.00884353741496599	0.0557823129251701	0.00702947845804989	0.00136054421768707
2023-01-29	0.491017964071856	0.972341032221272	0.983746792130026	0.1285999429712	0.171656686626747	0.0567436555460508	0.00627316794981466	0.0704305674365555	0.00826917593384659	0.00256629597946963
2023-02-05	0.539454806312769	0.955523672883788	0.985652797704448	0.125179340028694	0.138091822094692	0.0731707317073171	0.00824964131994261	0.0796269727403156	0.00609756097560976	0.00322812051649928
2023-02-12	0.586175115207373	0.967281105990783	0.988479262672811	0.134562211981567	0.13778801843318	0.0792626728110599	0.0101382488479263	0.0714285714285714	0.00414746543778802	0.00230414746543779
2023-02-19	0.60887573964497	0.962721893491124	0.988757396449704	0.127810650887574	0.120118343195266	0.0846153846153846	0.00887573964497041	0.0704142011834319	0.00236686390532544	0.00414201183431953
2023-02-26	0.592326139088729	0.97841726618705	0.995203836930456	0.144684252597922	0.135091926458833	0.0743405275779376	0.0135891286970424	0.0727418065547562	0.00479616306954436	0.00159872102318145
2023-03-05	0.631156930126002	0.974799541809851	0.988545246277205	0.121420389461627	0.128293241695304	0.103092783505155	0.00458190148911798	0.0584192439862543	0.00229095074455899	0.00687285223367698
2023-03-12	0.686119873817035	0.99211356466877	0.988958990536278	0.10410094637224	0.0993690851735016	0.141955835962145	0.00315457413249211	0.0662460567823344	0.00630914826498423	0.00473186119873817
TMP	-1	1	0	1	0	1	0	1	0	1
