Date	L216F	L5F	S704L	W152R	K1191N	T33I	A706V	Q836R	G1251R	W1214G
2020-11-15	0.013355592654424	0.00166944908180301	0	0	0.00333889816360601	0	0.0367278797996661	0	0	0.0517529215358932
2020-11-22	0	0.00431965442764579	0	0	0	0	0.0367170626349892	0	0	0.0302375809935205
2020-11-29	0	0.00557620817843866	0	0	0	0	0.0241635687732342	0	0	0.0297397769516729
2020-12-06	0.00214592274678112	0.00429184549356223	0	0.00214592274678112	0.00429184549356223	0	0.0236051502145923	0	0	0.0171673819742489
2020-12-13	0	0.00137048880767474	0	0	0	0	0.0137048880767474	0	0	0.000913659205116492
2020-12-20	0.0025537348371994	0.00489465843796552	0.000638433709299851	0.000425622472866567	0.000851244945733135	0	0.0123430517131305	0	0	0.0125558629495637
2020-12-27	0.000922225637872733	0.0205963725791577	0	0.000922225637872733	0.00184445127574547	0.000307408545957578	0.00430371964340609	0	0	0.0399631109744851
2021-01-03	0.00121107266435986	0.0292387543252595	0.000173010380622837	0.000519031141868512	0.00570934256055363	0.000173010380622837	0.0055363321799308	0	0.000173010380622837	0.0198961937716263
2021-01-10	0.0030480370641307	0.0453547915142648	0	0.000121921482565228	0.00292611558156547	0.000365764447695684	0.00463301633747866	0	0	0.0503535722994392
2021-01-17	0.00214993456720882	0.0247709852308843	0.000467377079828005	0.000560852495793606	0.00467377079828005	0.000467377079828005	0.00392596747055524	0	9.3475415965601E-05	0.0974948588521219
2021-01-24	0.0039344262295082	0.0236065573770492	0.00040983606557377	0.000655737704918033	0.00532786885245902	0.000327868852459016	0.00229508196721311	0	8.19672131147541E-05	0.0888524590163934
2021-01-31	0.0022446103252075	0.0353395625619878	0.000887404082058777	0.00057420264133215	0.00809103721877121	0.000261001200605523	0.00261001200605523	0	0	0.0509996345983192
2021-02-07	0.000903808908973531	0.0457069076823757	0.0012911555842479	0.00025823111684958	0.00781149128469981	0.000516462233699161	0.00232408005164622	0	6.45577792123951E-05	0.0124596513879923
2021-02-14	0.00101916021198532	0.0342947411333062	0.00101916021198532	0.00173257236037505	0.00896860986547085	0.000611496127191194	0.00157969832857725	5.09580105992662E-05	0	0.0242560130452507
2021-02-21	0.00130895406389332	0.0229885057471264	0.00237247924080664	0.00781281956886326	0.0120260154620199	0.000818096289933325	0.00237247924080664	8.18096289933325E-05	0	0.0188571194829631
2021-02-28	0.00159027458741209	0.0324416015832067	0.00243842103403188	0.0142417924161572	0.0143478107219847	0.00134289854048132	0.00180231119906704	0	0	0.0358695268049617
2021-03-07	0.000786212969369143	0.0371092521542235	0.00264167557708032	0.0164475753192025	0.021070507579093	0.000849110006918674	0.00207560223913454	0.000157242593873829	3.14485187747657E-05	0.0142461790049689
2021-03-14	0.00182984910011531	0.0249661603248609	0.00233117762069484	0.0149897227653281	0.0233869754850353	0.000902391337043164	0.00263197473304256	0.000551461372637489	2.50664260289768E-05	0.0333132801925102
2021-03-21	0.00133722077295745	0.0299230550014249	0.00278404980599338	0.0145998202424535	0.0277308897998553	0.00122761251287897	0.00173181050923998	0.000219216520156959	0	0.00887826906635684
2021-03-28	0.0014043534958371	0.0288093088574581	0.00216671682214866	0.016250376166115	0.0336643595144949	0.00198615708696961	0.00156485103821848	0.000320995084762765	2.00621927976728E-05	0.0180158491323102
2021-04-04	0.00118915815803502	0.0283962767048017	0.00164021814901382	0.0148439742485751	0.0475458235945381	0.00219379177430598	0.00211178086685529	0.000205027268626727	2.05027268626727E-05	0.0141468815352442
2021-04-11	0.000890774125132556	0.0389183457051962	0.00199363732767762	0.0128313891834571	0.0541251325556734	0.00269353128313892	0.00176033934252386	2.12089077412513E-05	2.12089077412513E-05	0.0016118769883351
2021-04-18	0.00123621521918292	0.0349476080216632	0.00221733840901064	0.014834582630195	0.0499784152898238	0.0036497782661591	0.00168753188650367	1.96224637965543E-05	1.96224637965543E-05	0.00155017463992779
2021-04-25	0.0013381919996706	0.0381487657752249	0.0026557964301155	0.0142260103349598	0.047248471372985	0.00514689230642538	0.00174994338418463	4.1175138451403E-05	2.05875692257015E-05	0.000741152492125255
2021-05-02	0.00121767486017378	0.0360142818814108	0.00280684374548532	0.0152312550306483	0.0468908013951665	0.00641859121210245	0.0009906507337007	0.000247662683425175	0.000123831341712587	0.000515963923802448
2021-05-09	0.00150286911376264	0.0373440204025868	0.00275526004189817	0.0214955824756353	0.0429911649512706	0.00701338919755898	0.000979141998360506	0.000500956371254213	0.000455414882958375	2.27707441479188E-05
2021-05-16	0.0016158940397351	0.0354966887417219	0.00328476821192053	0.0305430463576159	0.0376423841059603	0.0104370860927152	0.000794701986754967	0.000874172185430464	0.000291390728476821	0.000370860927152318
2021-05-23	0.00134006482174021	0.0360570929942658	0.00411368735976066	0.0426015956120668	0.0325043630017452	0.00666915981052107	0.00068561455996011	0.00162054350536026	0.000155821490900025	3.1164298180005E-05
2021-05-30	0.000950118764845606	0.03784639746635	0.00356294536817102	0.054117181314331	0.0269992082343626	0.00779889152810768	0.00146476642913698	0.000712589073634204	0.000118764845605701	0.000712589073634204
2021-06-06	0.0016450859690087	0.040596476331989	0.00498832519634897	0.0606028444067077	0.0206962428359159	0.00716408405858629	0.000265336446614307	0.00122054765442581	0.000106134578645723	0.00509445977499469
2021-06-13	0.00236561966092785	0.046655276646077	0.00256275463267184	0.0385727428045735	0.0215534235773426	0.00946247864371139	0.000919963201471941	0.00118280983046392	0.000262846628991983	0.0046655276646077
2021-06-20	0.00184723376743327	0.0560635448415997	0.00267848896277824	0.0304793571626489	0.0236445922231458	0.0114528493580863	0.000831255195344971	0.00323265909300822	0	0.00258612727440658
2021-06-27	0.0017223561832587	0.0532782179354691	0.00195200367435986	0.0353657136295786	0.0226202778734642	0.0226202778734642	0.000459294982202319	0.00631530600528189	0.000574118727752899	0.00459294982202319
2021-07-04	0.00137257892328809	0.0349245081592192	0.00350770169284734	0.0517004727771847	0.0208937013878298	0.0242488943114229	0	0.00747292969345737	0.000762543846271161	0.00411773676986427
2021-07-11	0.00332633053221289	0.0332633053221289	0.00315126050420168	0.0425420168067227	0.017156862745098	0.0301120448179272	0	0.0078781512605042	0.00280112044817927	0.00157563025210084
2021-07-18	0.00335420393559928	0.0241502683363148	0.00335420393559928	0.0496422182468694	0.0111806797853309	0.0366726296958855	0	0.0147584973166369	0.00737924865831843	0
2021-07-25	0.00530578050823792	0.0256911477240994	0.00307176766266406	0.0268081541468863	0.0150795867076236	0.0293214185981569	0.000279251605696733	0.0139625802848366	0.00446802569114772	0
2021-08-01	0.0100878620240807	0.0299381711682395	0.00357956394402864	0.0231044581841848	0.0094370322160755	0.0475105759843801	0	0.0159453302961276	0.00553205336804426	0.000325414904002603
2021-08-08	0.0355781448538755	0.0438373570520966	0.00444726810673443	0.0203303684879288	0.0101651842439644	0.0298602287166455	0.000635324015247776	0.0196950444726811	0.0120711562897078	0
2021-08-15	0.018	0.0372	0.1204	0.0088	0.0028	0.02	0	0.0204	0.016	0
2021-08-22	0.0503778337531486	0.0201511335012594	0.00377833753148615	0.0125944584382872	0.0100755667506297	0.0705289672544081	0	0.0604534005037783	0.052896725440806	0
TMP	-1	1	0	1	0	1	0	1	0	1
