Date	G339H	R346T	G446S	N460K	G339D	F157L	Q493R	K147E	I210V	G257S
2021-12-19	0	0	0.410071942446043	0	1	0	1	0	0	0
2021-12-26	0.00217391304347826	0.00217391304347826	0.315217391304348	0.00217391304347826	0.997826086956522	0.00217391304347826	0.991304347826087	0.00217391304347826	0.00217391304347826	0.00217391304347826
2022-01-02	0	0	0.12888107791447	0	0.996485061511424	0	0.995899238429994	0	0	0
2022-01-09	0.000476190476190476	0.000476190476190476	0.0669047619047619	0.000476190476190476	0.993333333333333	0.000476190476190476	0.983095238095238	0.000476190476190476	0.000714285714285714	0.000476190476190476
2022-01-16	0.000167112299465241	0.000167112299465241	0.0332553475935829	0.000167112299465241	0.998663101604278	0.000167112299465241	0.987299465240642	0.000167112299465241	0.000167112299465241	0.000334224598930481
2022-01-23	0	9.76467141880676E-05	0.0170881749829118	0	0.999707059857436	0.000781173713504541	0.99443413729128	0	0	0.000292940142564203
2022-01-30	0	0	0.0109383011451034	0	0.999401811656127	0.000256366433088361	0.997436335669116	0	0	0
2022-02-06	0	0.000387125317995797	0.00575157615308041	0	0.999502267448291	0.000442428934852339	0.992091582789514	5.53036168565424E-05	0	0.000110607233713085
2022-02-13	0	0.000468443914487693	0.00493995400732476	0	0.999233455412657	0.000723958776935525	0.981219657610084	0.000255514862447832	0	0
2022-02-20	0	0.000152048858366488	0.00321836750209067	0	0.99913838980259	0.000557512480677124	0.995261143914244	5.06829527888295E-05	5.06829527888295E-05	2.53414763944147E-05
2022-02-27	0	0.000447287203113119	0.00216934293509863	0	0.999261976114863	0.000760388245292302	0.996690074696963	6.70930804669678E-05	2.23643601556559E-05	2.23643601556559E-05
2022-03-06	0	0.000375212291164738	0.00122437695011651	1.97480153244599E-05	0.999328567478968	0.00100714878154745	0.997867214344958	1.97480153244599E-05	0	5.92440459733797E-05
2022-03-13	0	0.000317969838289625	0.00136272787838411	0.000196838471322149	0.9986978378051	0.00121131366967476	0.998334443704197	0.000136272787838411	0	0.000181697050451214
2022-03-20	0	0.000253398710200565	0.000658836646521469	3.80098065300848E-05	0.998555627351857	0.00164709161630367	0.998948395352668	0.000266068645710593	0.000190049032650424	0.000228058839180509
2022-03-27	0	0.000601716199246547	0.000588635412306404	1.30807869401423E-05	0.997763185433236	0.00202752197572206	0.999018940979489	0.00017005023022185	0.000104646295521139	0.000222373377982419
2022-04-03	1.52102821507339E-05	0.000775724389687429	0.000456308464522017	6.08411286029356E-05	0.995360863944026	0.00203817780819834	0.999406798996121	0.000228154232261008	0.000136892539356605	0.000365046771617614
2022-04-10	1.69790817712578E-05	0.000611246943765281	0.000339581635425156	1.69790817712578E-05	0.99095014941592	0.0020544688943222	0.998862401521326	0.000203748981255094	0.000424477044281445	0.000865933170334148
2022-04-17	0.00010634526763559	0.00122297057780929	0.000425381070542361	5.31726338177951E-05	0.990269408011343	0.00274725274725275	0.998121233605105	0.000336760014179369	0.000514002126905353	0.000939383197447714
2022-04-24	0	0.00137278277518876	0.000108377587514902	9.03146562624183E-05	0.990516961092446	0.00323326469419457	0.997146056862108	0.000379321556302157	0.000433510350059608	0.00115602760015895
2022-05-01	1.99012896035663E-05	0.00181101735392453	0.000238815475242796	7.96051584142652E-05	0.99062649259672	0.00246775991084222	0.998308390383697	0.00015921031682853	0.000497532240089158	0.00131348511383538
2022-05-08	0	0.00260825310657789	0.000275669027524492	0	0.9864922176513	0.00273548496543535	0.997943084948471	0.000381695576572374	0.000360490266762797	0.00103906018066924
2022-05-15	7.80320321491972E-05	0.00335537738241548	0.00029262012055949	7.80320321491972E-05	0.985290961939876	0.0029262012055949	0.99855640740524	0.000429176176820585	0.000448684184857884	0.00132654454653635
2022-05-22	6.45313945234356E-05	0.00339865344490094	0.000150573253888017	4.30209296822904E-05	0.982942201380972	0.00436662436275248	0.998064058164297	0.000344167437458323	0.000817397663963518	0.000903439523328099
2022-05-29	0.00018074602923567	0.00354714082375003	0.000293712297507964	6.77797609633763E-05	0.983032466505501	0.00386344637491245	0.998102166693025	0.000519644834052552	0.000406678565780258	0.000971509907141727
2022-06-05	0.000232822847682119	0.00499275662251656	0.000569122516556291	5.17384105960265E-05	0.982098509933775	0.0045012417218543	0.997749379139073	0.000517384105960265	0.000388038079470199	0.0011641142384106
2022-06-12	0.000196767392832045	0.00767392832044975	0.000871398453970485	0.00016865776528461	0.981981728742094	0.0051440618411806	0.997357695010541	0.00104005621925509	0.000421644413211525	0.00115249472944483
2022-06-19	0.0012513197513002	0.0142728659132679	0.0218980956477535	0.000977593555703281	0.978375630547843	0.00606108004536034	0.992844015172252	0.00261995072928479	0.00121221600907207	0.00203339459586282
2022-06-26	0.00246413317270836	0.0229985762786113	0.0182893439929909	0.00229985762786113	0.972073157375972	0.0094732230861899	0.989267331069981	0.00449019822582412	0.00229985762786113	0.0030117183221991
2022-07-03	0.0028393351800554	0.0286703601108033	0.0171052631578947	0.00318559556786704	0.968282548476454	0.010803324099723	0.987742382271468	0.0054016620498615	0.00270083102493075	0.0038781163434903
2022-07-10	0.00608228980322004	0.0270125223613596	0.00742397137745975	0.0056350626118068	0.951520572450805	0.0165474060822898	0.986851520572451	0.00679785330948122	0.00572450805008945	0.00715563506261181
2022-07-17	0.0104639435199193	0.0351739788199697	0.0115985879979829	0.0107160867372668	0.946923852748361	0.0250882501260716	0.978441754916793	0.0107160867372668	0.010590015128593	0.0115985879979829
2022-07-24	0.030664395229983	0.0477001703577513	0.032793867120954	0.0308773424190801	0.923764906303237	0.0428023850085179	0.956771720613288	0.0315161839863714	0.0308773424190801	0.0321550255536627
2022-07-31	0.0775285320739866	0.0602125147579693	0.0810704447068083	0.0747737111373475	0.889020070838253	0.085792994883904	0.906729634002361	0.0743801652892562	0.0751672569854388	0.076741440377804
2022-08-07	0.128562381253958	0.071564281190627	0.138695376820773	0.127295756808106	0.835972134262191	0.136795440151995	0.852438252058265	0.122229259024699	0.124762507916403	0.12982900569981
2022-08-14	0.263610315186246	0.140401146131805	0.271251193887297	0.263610315186246	0.717287488061127	0.267430754536772	0.72683858643744	0.254059216809933	0.259789875835721	0.256924546322827
2022-08-21	0.407047387606318	0.215066828675577	0.410692588092345	0.402187120291616	0.584447144592953	0.403402187120292	0.574726609963548	0.392466585662211	0.398541919805589	0.385176184690158
2022-08-28	0.559556786703601	0.32409972299169	0.569252077562327	0.562326869806094	0.425207756232687	0.554016620498615	0.404432132963989	0.544321329639889	0.542936288088643	0.544321329639889
2022-09-04	0.661431064572426	0.401396160558464	0.68586387434555	0.664921465968586	0.326352530541012	0.647469458987784	0.303664921465969	0.643979057591623	0.650959860383944	0.647469458987784
2022-09-11	0.676948051948052	0.480519480519481	0.680194805194805	0.761363636363636	0.305194805194805	0.659090909090909	0.199675324675325	0.654220779220779	0.655844155844156	0.662337662337662
2022-09-18	0.77262180974478	0.560324825986079	0.774941995359629	0.894431554524362	0.203016241299304	0.75754060324826	0.0788863109048724	0.759860788863109	0.771461716937355	0.771461716937355
2022-09-25	0.804960541149944	0.636978579481398	0.793686583990981	0.924464487034949	0.191657271702368	0.779030439684329	0.0552423900789177	0.772266065388951	0.791431792559188	0.790304396843292
2022-10-02	0.760655737704918	0.634972677595628	0.767213114754098	0.949726775956284	0.225136612021858	0.733333333333333	0.0316939890710383	0.72896174863388	0.739890710382514	0.756284153005464
2022-10-09	0.751123090745732	0.63162623539982	0.755615453728661	0.957771787960467	0.240790655884996	0.728661275831087	0.0233602875112309	0.728661275831087	0.738544474393531	0.74303683737646
2022-10-16	0.761825726141079	0.657261410788382	0.75850622406639	0.969294605809129	0.233195020746888	0.756846473029046	0.0149377593360996	0.755186721991701	0.756846473029046	0.753526970954357
2022-10-23	0.794851794071763	0.674726989079563	0.791731669266771	0.96411856474259	0.198907956318253	0.790171606864275	0.0195007800312012	0.791731669266771	0.794071762870515	0.792511700468019
2022-10-30	0.806164383561644	0.724657534246575	0.805479452054795	0.972602739726027	0.18972602739726	0.797945205479452	0.0136986301369863	0.793835616438356	0.803424657534247	0.801369863013699
2022-11-06	0.822314049586777	0.737898465171192	0.828807556080283	0.984061393152302	0.174734356552538	0.811688311688312	0.0100354191263282	0.818181818181818	0.822904368358914	0.821133412042503
2022-11-13	0.823376623376623	0.752207792207792	0.828571428571429	0.980779220779221	0.174025974025974	0.80987012987013	0.00779220779220779	0.81974025974026	0.822857142857143	0.82025974025974
2022-11-20	0.857142857142857	0.805114638447972	0.864638447971781	0.981040564373898	0.14021164021164	0.845679012345679	0.00661375661375661	0.853174603174603	0.855820105820106	0.852292768959436
2022-11-27	0.884959522795058	0.833830421815083	0.893481039625053	0.993182786536003	0.114614401363443	0.872177247550064	0.00298253089049851	0.88027268853856	0.882403067746059	0.877290157648061
2022-12-04	0.901767505098572	0.864377974167233	0.907885791978246	0.989462950373895	0.097212780421482	0.892590074779062	0.00305914343983685	0.89292997960571	0.899728076138681	0.897348742352141
2022-12-11	0.905233818519666	0.864663982657169	0.909879219572623	0.988851037472902	0.0935274078662125	0.893465469185506	0.00247754722824404	0.897181790027872	0.90182719108083	0.901517497677299
2022-12-18	0.925841414717627	0.892755276668568	0.93468339988591	0.990872789503708	0.0724472333143183	0.915573302909298	0.00199657729606389	0.915288077581289	0.922703936109527	0.916999429549344
2022-12-25	0.926325247079964	0.89937106918239	0.938604372566637	0.992512728361785	0.0709793351302785	0.91015274034142	0.000598981731057203	0.91853848457622	0.921832884097035	0.914645103324349
2023-01-01	0.942991478107552	0.914487217161328	0.94916250367323	0.995592124595945	0.0555392300910961	0.927710843373494	0.000587716720540699	0.936526594181604	0.938877461063767	0.938289744343227
2023-01-08	0.948767123287671	0.930684931506849	0.958082191780822	0.993972602739726	0.0501369863013699	0.944383561643836	0.00191780821917808	0.943835616438356	0.945753424657534	0.943287671232877
2023-01-15	0.9519368723099	0.93687230989957	0.960186513629842	0.994619799139168	0.0473457675753228	0.946556671449067	0.00143472022955524	0.943328550932568	0.948350071736011	0.946915351506456
2023-01-22	0.95994599459946	0.946894689468947	0.972097209720972	0.995049504950495	0.0382538253825383	0.954995499549955	0.00225022502250225	0.951395139513951	0.957245724572457	0.954095409540954
2023-01-29	0.964934516265315	0.950147866497676	0.97211660329531	0.991128010139417	0.0295732995352767	0.957329953527672	0.00168990283058724	0.953527672158851	0.962399662019434	0.954795099281791
2023-02-05	0.968407196138657	0.962264150943396	0.970601140851251	0.99341816586222	0.0302764370337867	0.961825362000878	0.00131636682755595	0.960508995173322	0.963141728828434	0.961386573058359
2023-02-12	0.980483271375465	0.965148698884758	0.983271375464684	0.993959107806691	0.0176579925650558	0.974442379182156	0	0.973977695167286	0.973513011152416	0.969330855018587
2023-02-19	0.971062618595825	0.961100569259962	0.97865275142315	0.99573055028463	0.0270398481973435	0.959677419354839	0.00094876660341556	0.957779886148008	0.964421252371917	0.954933586337761
2023-02-26	0.971653543307087	0.96010498687664	0.982677165354331	0.995800524934383	0.026246719160105	0.958005249343832	0.0005249343832021	0.955905511811024	0.966929133858268	0.963254593175853
2023-03-05	0.978034047226798	0.960461285008237	0.982976386600769	0.9945085118067	0.0214168039538715	0.972542559033498	0.00164744645799012	0.969247666117518	0.971993410214168	0.965403624382208
2023-03-12	0.978201634877384	0.97275204359673	0.980926430517711	0.998183469573115	0.0217983651226158	0.967302452316076	0	0.965485921889192	0.97275204359673	0.970935513169846
2023-03-19	0.981164383561644	0.969178082191781	0.988013698630137	0.999143835616438	0.0179794520547945	0.975171232876712	0.000856164383561644	0.974315068493151	0.977739726027397	0.976883561643836
2023-03-26	0.984455958549223	0.97720207253886	0.992746113989637	0.997927461139896	0.0134715025906736	0.975129533678756	0.00103626943005181	0.966839378238342	0.980310880829016	0.966839378238342
2023-04-02	0.982474226804124	0.979381443298969	0.989690721649485	0.997938144329897	0.0154639175257732	0.948453608247423	0.00103092783505155	0.942268041237113	0.977319587628866	0.979381443298969
2023-04-09	0.962290502793296	0.959497206703911	0.973463687150838	0.990223463687151	0.0377094972067039	0.958100558659218	0.00558659217877095	0.958100558659218	0.960893854748603	0.956703910614525
2023-04-16	0.952941176470588	0.952941176470588	0.973529411764706	0.995588235294118	0.0470588235294118	0.945588235294118	0.00294117647058824	0.947058823529412	0.948529411764706	0.95
2023-04-23	0.932291666666667	0.934027777777778	0.965277777777778	0.979166666666667	0.0677083333333333	0.914930555555556	0.00868055555555556	0.911458333333333	0.925347222222222	0.928819444444444
2023-04-30	0.952464788732394	0.971830985915493	0.97887323943662	0.996478873239437	0.0475352112676056	0.936619718309859	0.00176056338028169	0.940140845070423	0.952464788732394	0.948943661971831
TMP	-1	1	0	1	0	1	0	1	0	1
