Date	E484K	N501Y	D614G	H655Y	L18F	L452R	V1176F	K417T	P26S	T1027I
2020-02-02	0	0	0.142857142857143	0	0.012987012987013	0.012987012987013	0	0	0	0
2020-02-09	0	0	0.246153846153846	0	0	0	0	0	0	0
2020-02-16	0	0	0.174603174603175	0	0	0	0.0158730158730159	0	0	0
2020-02-23	0	0	0.0960698689956332	0.00436681222707424	0	0	0	0	0	0
2020-03-01	0	0	0.332622601279318	0	0	0	0	0	0	0
2020-03-08	0.000589275191514437	0	0.6122569239835	0.00117855038302887	0.000589275191514437	0.00176782557454331	0.000589275191514437	0	0.000589275191514437	0
2020-03-15	0	0	0.674809771726071	0.000200240288346015	0.00100120144173008	0	0.00100120144173008	0	0.00040048057669203	0
2020-03-22	0.000103498240529911	0	0.749430759677086	0.000310494721589733	0.00165597184847858	0.000310494721589733	0.00300144897536742	0	0.000206996481059822	0.000103498240529911
2020-03-29	0	0.000178858880343409	0.787068502951171	0.000357717760686818	0.000894294401717045	0	0.00357717760686818	0	8.94294401717045E-05	0.000357717760686818
2020-04-05	0	0.000600600600600601	0.84994994994995	0.000600600600600601	0.0017017017017017	0	0.003003003003003	0	0.0005005005005005	0.000600600600600601
2020-04-12	0	0.000117495006462225	0.879685113382681	0.000704970038773352	0.00105745505816003	0.000234990012924451	0.00258489014216896	0	0.000469980025848901	0.000587475032311127
2020-04-19	0.000268348316114316	0	0.898161814034617	0.000670870790285791	0.00174426405474306	0.000670870790285791	0.0073795786931437	0	0.000402522474171475	0.00107339326445727
2020-04-26	0.000335514175473914	0.000335514175473914	0.910417715148465	0.000503271263210871	0.0023485992283174	0.000671028350947827	0.0114074819661131	0.000335514175473914	0.00100654252642174	0.000335514175473914
2020-05-03	0.000382848392036753	0.000382848392036753	0.921133231240429	0.00114854517611026	0.00229709035222052	0	0.00650842266462481	0.000382848392036753	0.00057427258805513	0.000957120980091884
2020-05-10	0.000429645542427497	0.000429645542427497	0.940494092373792	0.000429645542427497	0.00214822771213749	0	0.00665950590762621	0	0.00128893662728249	0.000214822771213749
2020-05-17	0	0	0.929655504697663	0.00168634064080944	0.00192724644663936	0.000481811611659841	0.00409539869910865	0	0.000722717417489762	0
2020-05-24	0.00102774922918808	0	0.930626927029805	0.000513874614594039	0.00205549845837616	0.00025693730729702	0.00513874614594039	0	0	0.00025693730729702
2020-05-31	0.000687049124012367	0.000343524562006183	0.948814840261079	0.000687049124012367	0.00446581930608038	0.000343524562006183	0.00721401580212985	0	0.0020611473720371	0.000343524562006183
2020-06-07	0.000307787011388119	0.00123114804555248	0.964604493690366	0.00123114804555248	0.00246229609110496	0.000307787011388119	0.00984918436441982	0	0.000615574022776239	0.000307787011388119
2020-06-14	0.000440431622990531	0.00132129486897159	0.967408059898701	0.00242237392644792	0.00836820083682008	0.000220215811495265	0.0118916538207443	0	0.00110107905747633	0
2020-06-21	0	0.00226800226800227	0.971649971649972	0.00113400113400113	0.00963900963900964	0.000189000189000189	0.0119070119070119	0	0.000378000378000378	0
2020-06-28	0.000658039043649923	0.00241280982671639	0.978723404255319	0.000877385391533231	0.0111866637420487	0.000219346347883308	0.00987058565474885	0	0	0
2020-07-05	0.000699545295557887	0.000874431619447359	0.987583071003847	0.00104931794333683	0.00577124868835257	0.000174886323889472	0.0190626093039524	0	0.0012242042672263	0.000524658971668416
2020-07-12	0.00048247024766806	0	0.990189771630749	0.00112576391122547	0.00418140881312319	0.00048247024766806	0.0135091669347057	0	0.00160823415889353	0.00048247024766806
2020-07-19	0.000435097897026831	0.000290065264684554	0.991443074691806	0.000870195794053662	0.0056562726613488	0.00522117476432197	0.0121827411167513	0	0.00304568527918782	0.000290065264684554
2020-07-26	0.000311915159076731	0.000311915159076731	0.988147223955084	0.00109170305676856	0.00280723643169058	0.000311915159076731	0.0113849033063007	0	0.00265127885215221	0
2020-08-02	0.000602591141910214	0.00135583006929798	0.997288339861404	0.00180777342573064	0.0042181379933715	0.000301295570955107	0.00768303705935523	0	0.00105453449834287	0.00045194335643266
2020-08-09	0.000465621604842465	0.00031041440322831	0.995964612758032	0.00186248641936986	0.00527704485488127	0.000465621604842465	0.0103988825081484	0.000155207201614155	0.00139686481452739	0.000931243209684929
2020-08-16	0.000725794745246044	0.000290317898098418	0.99259689359849	0.00261286108288576	0.0101611264334446	0.000435476847147627	0.0126288285672812	0	0.00101611264334446	0.000290317898098418
2020-08-23	0.000784682988072819	0.000941619585687382	0.995291902071563	0.00109855618330195	0.0189893283113622	0.000784682988072819	0.0128688010043942	0	0.000941619585687382	0
2020-08-30	0.000751427712654043	0.000901713255184851	0.996393146979261	0.00255485422302374	0.0262999699428915	0.000901713255184851	0.0087165614667869	0.000150285542530809	0.000450856627592426	0.000601142170123234
2020-09-06	0.00053828556048984	0.00148028529134706	0.993540573274122	0.00524828421477594	0.036872560893554	0.00080742834073476	0.0121114251110214	0	0.00013457139012246	0.00053828556048984
2020-09-13	0.000941366325981711	0.000806885422270038	0.99757934373319	0.00470683162990855	0.0753093060785369	0.000806885422270038	0.0103550295857988	0	0	0.000134480903711673
2020-09-20	0.000641354540790149	0.000897896357106208	0.997819394561314	0.00461775269368907	0.0885069266290405	0.000641354540790149	0.00974858902001026	0	0.00025654181631606	0.00025654181631606
2020-09-27	0.000925640234495526	0.00102848914943947	0.998148719531009	0.00771366862079605	0.124241489252288	0.000719942404607631	0.00935925125989921	0	0.000822791319551579	0.000205697829887895
2020-10-04	0.00120113561913081	0.0010919414719371	0.998689670233675	0.0031666302686176	0.115090631142171	0.00120113561913081	0.00698842542039747	0.00010919414719371	0.000655164883162262	0.000436776588774842
2020-10-11	0.00176631634725779	0.00211957961670935	0.999823368365274	0.00847831846683741	0.137860990903471	0.00114810562571757	0.0060054755806765	0	0.00247284288616091	0.000794842356266007
2020-10-18	0.00305888350751976	0.00220919364431982	0.99923527912312	0.00637267397399949	0.153963803211828	0.0011895658084799	0.00739230180983941	8.49689863199932E-05	0.00237913161695981	0.000509813917919959
2020-10-25	0.00327795574759741	0.00424644267302391	0.999180511063101	0.00558742456976831	0.179244580198167	0.00201147284511659	0.00730090143783059	7.44989942635774E-05	0.00260746479922521	0.000521492959845042
2020-11-01	0.00555338287055143	0.0046929996089167	0.998748533437622	0.00617911615174032	0.153695737192022	0.00258114978490418	0.0100117324990223	0.000156433320297223	0.0026593664450528	0.00046929996089167
2020-11-08	0.00488580843086013	0.00414725599363709	0.999318259288717	0.00607885467560504	0.192932621293035	0.00176116350414726	0.00891944097261675	5.68117259402341E-05	0.00420406771957732	0.000340870355641404
2020-11-15	0.00521455730581206	0.00298750678978816	0.998370450841934	0.00896252036936448	0.189299293862032	0.00293318848451928	0.010483432916893	0	0.00380228136882129	0.000162954915806627
2020-11-22	0.00740902157332752	0.00406769811868962	0.999491537735164	0.0033413234546379	0.145856032541585	0.00457616038352582	0.011839907024043	7.26374664051718E-05	0.00530253504757754	0.000363187332025859
2020-11-29	0.014059618930547	0.00476336816226183	0.998693915181315	0.00253534111862323	0.127688998156116	0.00599262446220037	0.0216656422864167	0	0.0044560540872772	0.00053779963122311
2020-12-06	0.0111171736461601	0.00395580411949257	0.99699904515073	0.00252353021415905	0.085254399126995	0.0190287818851453	0.0142545355340336	0.000204610557904788	0.00770699768108034	0.00109125630882554
2020-12-13	0.0100542461653573	0.00420875420875421	0.997287691732136	0.00224466891133558	0.132669285447063	0.0479330340441452	0.0100074822297045	4.67639356528245E-05	0.0100074822297045	0.000654695099139544
2020-12-20	0.0123218926427099	0.00519759835110673	0.997446007706784	0.00259879917555336	0.13240433730621	0.053633838157541	0.0104848104668877	0.000358455058697016	0.0110672999372704	0.00089613764674254
2020-12-27	0.0195298372513562	0.00934297769740808	0.994394213381555	0.00391802290536468	0.118505123568415	0.0250753465943339	0.0154912597950573	0.00174804098854732	0.00898131404460518	0.00198915009041591
2021-01-03	0.0228800851352005	0.0098195714216611	0.994340444057466	0.00440187684419291	0.0853286895951241	0.0377303729502249	0.0181396023799158	0.00241861365065544	0.0098195714216611	0.00309582547283897
2021-01-10	0.0261239368165249	0.00771924808805661	0.995568579801301	0.00486026731470231	0.075226931598885	0.0743692373668787	0.0202272889714817	0.00217997283968265	0.0127939389607605	0.00293045529268816
2021-01-17	0.0326579433832324	0.011127623328138	0.995034252781906	0.00540070317880315	0.0865924825111457	0.0870999311319729	0.0220015223458625	0.0027547210844902	0.0151872122947552	0.00384211098626264
2021-01-24	0.0363571766935102	0.014882362229591	0.993841781146376	0.00844781304279173	0.0815174482867519	0.094465498184115	0.0264092846991947	0.00560555818727301	0.0181193747039318	0.00714511290067898
2021-01-31	0.0520570191266691	0.0227354745579213	0.992692168892097	0.00978888487910502	0.0992872609166366	0.0746120534103212	0.028915553951642	0.00618007939372068	0.0165102850956333	0.0074431613136052
2021-02-07	0.0655753352741851	0.0285877917243354	0.99307974991648	0.0158927122607741	0.0975993891089581	0.0843315992936572	0.0364148331981101	0.0111201259962774	0.0214289123275903	0.0122178208371116
2021-02-14	0.0818120676402767	0.0564469638739431	0.993322444273636	0.0231072252113759	0.102373174481168	0.0757109915449654	0.0440526518063028	0.0180630284396618	0.0268063028439662	0.0192640276710223
2021-02-21	0.0993830680698844	0.0575975944839027	0.990720099538597	0.0304318523510809	0.117268909741303	0.0773497848514697	0.0470216185390637	0.0241588470112499	0.0311576546218052	0.0263880968427601
2021-02-28	0.135457337706284	0.0756416263209954	0.980790254568171	0.0459680358165443	0.129991149981779	0.100994325576553	0.0633036597428289	0.0370138997344995	0.047321568014993	0.0418033213597793
2021-03-07	0.162349263063868	0.0813421170165252	0.980739169271996	0.0472309066547566	0.123604287628406	0.123492630638678	0.0586757481018312	0.0374609200535954	0.0489615899955337	0.0439928539526574
2021-03-14	0.212028662046282	0.110830494537766	0.993363091742042	0.0646658052390462	0.128156936450135	0.123575707741102	0.0763538118172207	0.0502173146951721	0.0658404792670034	0.0650769411488312
2021-03-21	0.256930603370176	0.131907954339554	0.994745424895814	0.076825511868092	0.155221356525941	0.153590626321193	0.0862475086066316	0.0631756960802078	0.0817177024823338	0.0770671015280546
2021-03-28	0.358103241296519	0.190336134453782	0.992737094837935	0.139675870348139	0.190336134453782	0.158883553421369	0.152220888355342	0.125870348139256	0.139735894357743	0.139195678271309
2021-04-04	0.393523853422448	0.255070292694169	0.994814473380963	0.143005300760544	0.193881078589537	0.162306983175847	0.150380271952063	0.121744641622494	0.143293385572713	0.145021894445725
2021-04-11	0.464425041798254	0.275930398167069	0.99634652300452	0.223047866740975	0.261688030218589	0.162115301257044	0.232088674221314	0.202241624868413	0.223667100130039	0.229054430614899
2021-04-18	0.482215622625872	0.270529732716348	0.996339526210374	0.218385247599972	0.251951101595414	0.161682436632364	0.223772359969611	0.203259893639063	0.219144968575178	0.227640030388839
2021-04-25	0.551139544182327	0.335065973610556	0.996241503398641	0.281807277089164	0.31499400239904	0.139864054378249	0.283806477409036	0.26077568972411	0.282766893242703	0.296681327469012
2021-05-02	0.589837398373984	0.400650406504065	0.996585365853659	0.34520325203252	0.374390243902439	0.128373983739837	0.346178861788618	0.329837398373984	0.346341463414634	0.358048780487805
2021-05-09	0.575014153613889	0.391677675033025	0.996886204944329	0.325816191734289	0.35987922249481	0.1254010190602	0.324306472919419	0.300339686733346	0.332138139271561	0.344310247216456
2021-05-16	0.643866794441782	0.459032103497844	0.997843794920939	0.395903210349784	0.426689027311931	0.107570675610925	0.396262577862961	0.373263057019645	0.39758025874461	0.415428845232391
2021-05-23	0.701525914233097	0.559063404367272	0.998158379373849	0.490923441199684	0.521047092870297	0.0985267034990792	0.49381741646935	0.476322020520916	0.494343593791108	0.513154433043936
2021-05-30	0.718340611353712	0.62694946974423	0.999376169681847	0.516063630692452	0.539457267623206	0.0849968808484092	0.517623206487835	0.497816593886463	0.520898315658141	0.548970679975047
2021-06-06	0.758861788617886	0.629918699186992	0.999349593495935	0.540650406504065	0.560650406504065	0.0679674796747967	0.542276422764228	0.523739837398374	0.546178861788618	0.596422764227642
2021-06-13	0.769324725178852	0.657127900889897	0.998953062292794	0.571802477752574	0.588030012214273	0.0678764613505496	0.573547373931251	0.553132088640726	0.574245332402722	0.621357529227011
2021-06-20	0.741241431835491	0.654036557501904	0.996191926884996	0.536176694592536	0.556169078446306	0.0601675552170602	0.534463061690785	0.523038842345773	0.533320639756283	0.57996953541508
2021-06-27	0.794708573702009	0.708175850407798	0.998010741993236	0.566938531927591	0.583847224985081	0.0545056693853193	0.566540680326238	0.553411577481599	0.571314899542471	0.626616272130495
2021-07-04	0.847766457680251	0.779192789968652	0.998432601880878	0.639890282131661	0.65967868338558	0.0429075235109718	0.640673981191223	0.63166144200627	0.638322884012539	0.682210031347962
2021-07-11	0.825961324738831	0.770615692376084	0.996443654145366	0.592576128028451	0.609691042453879	0.050455656812625	0.590575683485219	0.583907535007779	0.592798399644365	0.640586797066015
2021-07-18	0.731391585760518	0.779554540262707	0.997905958499905	0.503331429659242	0.520083761660004	0.0342661336379212	0.501808490386446	0.495907100704359	0.498952979249952	0.541404911479155
2021-07-25	0.88076179961358	0.809274082252277	0.998895942589015	0.603643389456252	0.619100193210047	0.0309136075075904	0.60529947557273	0.593154844051891	0.603091360750759	0.659398288711013
2021-08-01	0.841939546599496	0.77676322418136	0.998110831234257	0.557934508816121	0.572732997481108	0.0314861460957179	0.555100755667506	0.550692695214106	0.556045340050378	0.596347607052897
2021-08-08	0.428389470704783	0.509482026606284	0.992499292386074	0.261675629776394	0.265921313331446	0.0274554203226719	0.261958675346731	0.259977356354373	0.258703651287857	0.271440701953014
2021-08-15	0.608841259209645	0.577695914266577	0.990288010716678	0.421299397186872	0.424648359008707	0.0187541862022773	0.417615539182853	0.4125920964501	0.415271265907569	0.424983255190891
2021-08-22	0.198596267347264	0.193172754825331	1	0.155208167171798	0.158238953581113	0.732971765831871	0.155367682245972	0.153293986281704	0.1545701068751	0.159674589248684
2021-08-29	0.865384615384615	0.82943143812709	0.994147157190635	0.668896321070234	0.681438127090301	0.0142140468227425	0.669732441471572	0.659698996655518	0.663879598662207	0.681438127090301
2021-09-05	0.862326574172892	0.844183564567769	0.995731056563501	0.663820704375667	0.662753468516542	0.0117395944503735	0.661686232657417	0.660618996798292	0.656350053361793	0.665955176093917
2021-09-12	0.828220858895706	0.800613496932515	0.996932515337423	0.618098159509202	0.622699386503067	0.0199386503067485	0.610429447852761	0.604294478527607	0.601226993865031	0.616564417177914
2021-09-19	0.733441033925687	0.718901453957997	0.98546042003231	0.492730210016155	0.489499192245557	0.0969305331179321	0.484652665589661	0.483037156704362	0.481421647819063	0.484652665589661
TMP	-1	1	0	1	0	1	0	1	0	1
