VOC	Date	WeeklyCases	InfectionProp	AntigenicDistanceT1	SpikeCellEntryT1	RBDACE2bindingT1	EscapeScoreT1	AntigenicDistanceTn-1	SpikeCellEntryTn-1	RBDACE2bindingTn-1	EscapeScoreTn-1
WT	2020-02-02	122	1.57313687408105E-06	0	0	0	0	0.007183442	0	0	0
WT	2020-02-09	244	3.68878750210056E-06	0.116593392697303	-0.00601858141858143	-0.0486293706293707	-0.00142224281638362	0.116593392697303	-0.00601858141858143	-0.0486293706293707	-0.00142224281638362
WT	2020-02-16	580	8.71779309329449E-06	0.103121549851371	0.0475649350649351	0.000909090909090911	-0.00146056607792208	0.0846323127010989	0.0535835164835166	0.0495384615384616	-3.83232615384616E-05
WT	2020-02-23	2289	2.85650237799202E-05	0.0824070675372314	0.0498209550275053	-0.00140531957125844	-0.00135287874167754	0.0739079026164138	0.00225601996257016	-0.00231441048034935	0.000107687336244542
WT	2020-03-01	8594	0.000103081013522542	0.120457329957162	0.00946450862570266	0.00218840860631906	-0.00141963449156813	0.0845472224525936	-0.0403564464018026	0.00359372817757749	-6.6755749890597E-05
WT	2020-03-08	28273.0121640181	0.000348227800165198	0.179169083027221	0.0394925468167661	-0.00248513419403225	-0.000711915055529623	0.104947924969993	0.0300280381910634	-0.00467354280035131	0.000707719436038512
WT	2020-03-15	83430.8813287973	0.00107163188409754	0.173375181792208	0.0336506693746782	-0.00259711653984781	-0.00140896025613594	0.0564635138690532	-0.00584187744208787	-0.000111982345815564	-0.000697045200606313
WT	2020-03-22	193600.07040022	0.00275027987806003	0.192302559783109	0.0335893990919038	-0.000811049848516212	-0.00134390201427066	0.0393485792056357	-6.12702827744541E-05	0.0017860666913316	6.50582418652746E-05
WT	2020-03-29	328735.947943655	0.00560065043018948	0.20348345630711	0.0267322537148061	-0.00169509438870913	-0.00134923120696876	0.0307956913275708	-0.00685714537709768	-0.000884044540192915	-5.32919269810005E-06
WT	2020-04-05	445456.473347974	0.00946306955967307	0.226424552834805	0.0160962949962951	-0.000637455637455634	-0.00137690179073489	0.047610374949367	-0.010635958718511	0.00105763875125349	-2.76705837661307E-05
WT	2020-04-12	497361.811884669	0.0137755442714219	0.232947978758743	0.0193964724031697	-0.00114589675393341	-0.00133165535098047	0.0404474944989762	0.0033001774068746	-0.000508441116477776	4.52464397544179E-05
WT	2020-04-19	522636.96521079	0.0183071722373007	0.238123115497647	0.0195040372481404	-0.00371186709439762	-0.00104071479615635	0.0430237245102553	0.000107564844970695	-0.00256597034046421	0.000290940554824127
WT	2020-04-26	529778.259420533	0.0229007202178504	0.248984824708283	0.0264907768460361	-0.0071717680071983	-0.000553106779649977	0.0443854694825708	0.0069867395978957	-0.00345990091280069	0.00048760801650637
WT	2020-05-03	555630.305582137	0.0277184235168321	0.255494355639207	0.0144373453690262	-0.0163076012808019	-0.000289345931865419	0.0535353397701273	-0.01205343147701	-0.00913583327360358	0.000263760847784558
WT	2020-05-10	579080.600300687	0.0327394572697012	0.255514011839587	0.0276109930670833	-0.00671711746899718	-0.000832319546450543	0.0616421783791083	0.0131736476980572	0.00959048381180471	-0.000542973614585125
WT	2020-05-17	628509.119528619	0.0381890708494009	0.253041209440507	0.0167794857756072	-0.00141083200105123	-0.00109638944265347	0.0656766583747941	-0.0108315072914761	0.00530628546794595	-0.000264069896202926
WT	2020-05-24	678548.655535577	0.0440725621986863	0.262597565428502	0.0142587428758292	0.000140848360272817	-0.000871685674530506	0.0610470603590481	-0.00252074289977798	0.00155168036132405	0.000224703768122963
WT	2020-05-31	756745.333333333	0.0506340734270367	0.26514672554475	0.0313571419648713	-0.00364604478311108	-0.000784548546833107	0.0781286425401573	0.0170983990890421	-0.00378689314338389	8.71371276973988E-05
WT	2020-06-07	825116.373230769	0.0577884093828353	0.26831460060118	0.0275035887166081	-0.00608690785976104	-0.00110522697019663	0.0700862532280896	-0.00385355324826314	-0.00244086307664997	-0.000320678423363518
WT	2020-06-14	925895.103258476	0.0658165674020525	0.272665963461112	0.0289914993836818	0.0136243518648275	-0.00103293275684743	0.0725635838119603	0.00148791066707362	0.0197112597245886	7.22942133491991E-05
WT	2020-06-21	1030539.33333333	0.0747520640732224	0.270102813309178	0.0148160434160435	0.013037233037233	-0.00120541536312336	0.0645131092097504	-0.0141754559676383	-0.000587118827594498	-0.000172482606275938
WT	2020-06-28	1172533	0.0849187451298766	0.268172766512684	0.0140429941631083	0.022483997686893	-0.000892486550613459	0.0688118416294945	-0.000773049252935198	0.00944676464966002	0.000312928812509906
WT	2020-07-05	1304411.96189477	0.0962289090084784	0.28153565934141	0.0203344723656896	0.0409108397723298	-0.00100756063615923	0.0715251066300579	0.00629147820258138	0.0184268420854368	-0.000115074085545766
WT	2020-07-12	1439765.35097568	0.108712681422382	0.293495014782362	0.0180944415667961	0.0679611976958391	-0.00091207387785775	0.0722336276732886	-0.00224003079889349	0.0270503579235093	9.54867583014748E-05
WT	2020-07-19	1573526.88720539	0.122356259894192	0.32151412532229	0.0367128103368712	0.10906137517305	-0.000357615906203443	0.0878494847667567	0.0186183687700751	0.041100177477211	0.000554457971654307
WT	2020-07-26	1717559.46691616	0.137248701553381	0.326369562271777	0.0504161359382975	0.138483950547269	-0.000879483869250838	0.0776964100427545	0.0137033256014262	0.0294225753742191	-0.000521867963047395
WT	2020-08-02	1803950.6717833	0.152890215371719	0.331736759667407	0.0644248283202186	0.129351392807253	-0.000697240306605418	0.0668016233048476	0.0140086923819211	-0.00913255774001624	0.00018224356264542
WT	2020-08-09	1852842.85089216	0.168955658572995	0.335168247891363	0.0440489265507114	0.1029003993058	-0.000716900171667229	0.0753633214228268	-0.0203759017695072	-0.0264509935014527	-1.96598650618113E-05
WT	2020-08-16	1843723.60634139	0.184942031546973	0.328663799479578	0.0326786795437108	0.0639559772496339	-0.000712888155872435	0.0983306089395568	-0.0113702470070006	-0.0389444220561664	4.01201579479494E-06
WT	2020-08-23	1859482.22926141	0.201065042801596	0.340645045776351	0.0207506807379689	0.0631674085487643	-0.000415303473245369	0.0749046811552073	-0.0119279988057419	-0.000788568700869565	0.000297584682627065
WT	2020-08-30	1893492.97281058	0.217482950986339	0.333946144539429	0.0289774452628826	0.050187720304943	-0.000511240253906449	0.0805009048079048	0.00822676452491377	-0.0129796882438213	-9.59367806610804E-05
WT	2020-09-06	1938192.01627876	0.234288431135776	0.351539975085698	0.0165630433756797	0.0603533110678851	-0.000508032252730316	0.082355735322708	-0.0124144018872029	0.0101655907629421	3.20800117613436E-06
WT	2020-09-13	2008272.88471346	0.251701561421753	0.36075627638717	0.0157809075539845	0.0470925228617536	-0.000502128239299164	0.0861161798250744	-0.000782135821695169	-0.0132607882061315	5.90401343115142E-06
WT	2020-09-20	2050157.83741296	0.269477863537581	0.372381121479873	-0.00221815516448664	0.0495507019916974	-0.000655179151806122	0.0699099242634254	-0.0179990627184711	0.00245817912994375	-0.000153050912506958
WT	2020-09-27	2108738.5186479	0.287762101124902	0.379252626412563	0.00243537628678023	0.0386145316166915	-0.00060943263711163	0.0783973182060109	0.00465353145126686	-0.0109361703750059	4.57465146944922E-05
WT	2020-10-04	2199656.24165029	0.306834658948978	0.380026024826472	-0.00651351313024164	0.0374913141019278	-0.000427198847413237	0.067155798255138	-0.00894888941702188	-0.0011232175147637	0.000182233789698393
WT	2020-10-11	2363259.20165299	0.327325768843035	0.398653411692621	-0.0137764812684445	0.0362884073446645	-0.000323566859693696	0.0779958095256196	-0.00726296813820287	-0.00120290675726326	0.000103631987719541
WT	2020-10-18	2678676.61797372	0.350551768306467	0.411609205583938	-0.0147288561298502	0.0468688156095752	0.000203634489415843	0.0702889968369613	-0.000952374861405716	0.0105804082649107	0.000527201349109539
WT	2020-10-25	3062606.5556711	0.377106708810082	0.425487117685607	-0.00106565102929549	0.0499286841445823	0.000277832152354313	0.0696348514719551	0.0136632051005547	0.00305986853500704	7.41976629384693E-05
WT	2020-11-01	3469492.52513084	0.407189635202304	0.416110271768315	0.00474370371122823	0.065494933693604	0.00117339659481942	0.080274762132763	0.00580935474052371	0.0155662495490218	0.000895564442465103
WT	2020-11-08	3761753.63847764	0.439806669824025	0.431053717824467	-0.00901167311270706	0.0557727427668344	0.00088137875880102	0.0746204153258263	-0.0137553768239353	-0.00972219092676966	-0.000292017836018395
WT	2020-11-15	3875543.33280779	0.473410340668171	0.438090644958199	-0.0282717895412572	0.051320823663029	0.000847494400024689	0.070255426819419	-0.0192601164285502	-0.00445191910380541	-3.3884358776332E-05
WT	2020-11-22	3923558.92447533	0.507430340269146	0.418735508064126	-0.0217719481651493	0.0494447195863627	0.00181115647114453	0.0943398136613176	0.0064998413761079	-0.00187610407666628	0.000963662071119841
WT	2020-11-29	3945776.40294985	0.541642980945069	0.423919637025269	-0.0135716770168982	0.0538262697658825	0.00373760854139261	0.0940493121910313	0.00820027114825109	0.00438155017951986	0.00192645207024808
WT	2020-12-06	4073907.5201533	0.576966608008618	0.406350162231137	-0.00616432814218926	0.0575139197182575	0.00441263267722728	0.106004828303435	0.00740734887470897	0.00368764995237493	0.000675024135834674
WT	2020-12-13	3970522.10338832	0.611393811211892	0.439762882901387	-0.022029938939661	0.0482061354283577	0.00668293083963311	0.112736834708728	-0.0158656107974719	-0.00930778428989981	0.00227029816240583
WT	2020-12-20	3592743.0193133	0.642545405577149	0.461219814275927	-0.0293860609280494	0.0532014110094583	0.00803696066260126	0.0673671132069689	-0.00735612198838827	0.00499527558110067	0.00135402982296814
WT	2020-12-27	3595788.1135688	0.673723403039022	0.459738882219683	-0.0230933108663488	0.0565389884377227	0.00785493756565837	0.104189186271745	0.00629275006170061	0.00333757742826428	-0.000182023096942882
WT	2021-01-03	3479971.91777459	0.703897193093654	0.461287176016665	-0.0259924406701507	0.0508921606135364	0.00988928529594722	0.0975292548715169	-0.00289912980380187	-0.00564682782418629	0.00203434773028884
WT	2021-01-10	3625025.32220171	0.735328697599812	0.482216860992267	-0.0380324790890619	0.0512200050681932	0.0140928210652056	0.101472859107917	-0.0120400384189112	0.000327844454656831	0.00420353576925843
WT	2021-01-17	3377559.52484137	0.764614500591222	0.510141438017207	-0.0504258775260043	0.0536261158103197	0.0172783949146112	0.0834642103643999	-0.0123933984369426	0.00240611074212648	0.00318557384940552
WT	2021-01-24	2882083.40671284	0.789604179154405	0.529945263534621	-0.0565835840300549	0.0572090277478719	0.0192100767912947	0.0774358325676771	-0.00615770650405048	0.0035829119375522	0.00193168187668356
WT	2021-01-31	1988049.79781077	0.806841961135029	0.546713092403639	-0.0606274767771024	0.0653758898986254	0.0222734050563706	0.106441164225346	-0.00404389274704745	0.0081668621507535	0.00306332826507588
WT	2021-02-07	1843131.40843551	0.822823199339042	0.593672217447512	-0.0664230918797233	0.0657551750020609	0.0276484454718321	0.105459957111299	-0.00579561510262102	0.000379285103435532	0.00537504041546154
WT	2021-02-14	1431047.53290242	0.835231382173922	0.636559795596369	-0.0662005036086126	0.0671994444832647	0.033280298847616	0.14425983928829	0.00022258827111067	0.00144426948120377	0.00563185337578383
WT	2021-02-21	1153986.42594412	0.845237251463982	0.672273636959771	-0.0664445033270426	0.0662126317873117	0.0383696350939375	0.106884175105646	-0.000243999718429945	-0.000986812695953022	0.00508933624632155
WT	2021-02-28	1060687.90400842	0.854434157325655	0.754293210248052	-0.0883984630445819	0.0654241619695314	0.0519655207480971	0.159935270450851	-0.0219539597175395	-0.00078846981778031	0.0135958856541596
WT	2021-03-07	1003003.26686087	0.863130897044671	0.809607972672868	-0.0994996186261261	0.0672020788501359	0.061945853049981	0.135419769815662	-0.0111011555815439	0.0017779168806046	0.00998033230188392
WT	2021-03-14	893707.709305706	0.870879967849828	0.906463603003187	-0.109171980744499	0.0781257007998463	0.0776849983642252	0.174899640542049	-0.0096723621183733	0.0109236219497105	0.0157391453142442
WT	2021-03-21	896626.218654213	0.878654344171937	1.03025113822508	-0.131239548148897	0.077952033471149	0.094621440461608	0.193006925224177	-0.0220675674043984	-0.000173667328697463	0.0169364420973828
WT	2021-03-28	939767.255361092	0.886802783450613	1.24414557924617	-0.149018366255593	0.106227818400088	0.126708053504431	0.333538482462031	-0.0177788181066958	0.0282757849289386	0.032086613042823
WT	2021-04-04	1090205.2173782	0.896255625060516	1.29688275296563	-0.158925860213766	0.159315405728173	0.137832126304194	0.151878681883322	-0.00990749395817287	0.0530875873280857	0.0111240727997627
WT	2021-04-11	1172265.77023429	0.906419989048229	1.51032538788026	-0.163027380248707	0.148846424490117	0.162486605655312	0.32422036792246	-0.00410152003494024	-0.010468981238056	0.0246544793511185
WT	2021-04-18	1126403.09888636	0.916186691603811	1.53969828542386	-0.169965774435523	0.15039869654484	0.166231403142949	0.127650906915257	-0.00693839418681732	0.00155227205472229	0.00374479748763723
WT	2021-04-25	1106226.44580686	0.925778448467758	1.68658320663081	-0.205174748490214	0.177013849005853	0.18726255664179	0.2843184326549	-0.0352089740546903	0.026615152461013	0.0210311534988405
WT	2021-05-02	1100278.84370422	0.935318635462346	1.79814311592754	-0.230499415690001	0.194834294161123	0.201449484253948	0.278202824636906	-0.0253246671997873	0.0178204451552705	0.0141869276121579
WT	2021-05-09	976439.045225609	0.943785044803552	1.77669365543629	-0.23135913551442	0.206039304156873	0.195680190181938	0.158978304500865	-0.000859719824418216	0.0112050099957502	-0.00576929407200973
WT	2021-05-16	814188.407735751	0.950844627656636	1.95774260625427	-0.23882153560383	0.237717907392081	0.218323188630751	0.344882257114166	-0.0074624000894111	0.0316786032352079	0.0226429984488124
WT	2021-05-23	701329.114247963	0.956925641513222	2.13114563610436	-0.287409729497022	0.252475783884624	0.241366109511265	0.399579975310589	-0.0485881938931917	0.0147578764925422	0.0230429208805146
WT	2021-05-30	557446.138498335	0.96175908935339	2.166982497169	-0.315548851585096	0.300285260590938	0.246983383946719	0.228947915487059	-0.0281391220880736	0.0478094767063143	0.00561727443545415
WT	2021-06-06	509992.50879567	0.966181081039943	2.27389401175244	-0.303183074226586	0.306188765705839	0.261241160384029	0.262123305009588	0.0123657773585096	0.00590350511490111	0.0142577764373098
WT	2021-06-13	461466.777581016	0.970182320703055	2.35533948624648	-0.306018937108956	0.315410923050078	0.266527527206147	0.199982935176806	-0.00283586288236983	0.00922215734423946	0.00528636682211798
WT	2021-06-20	473873.291760494	0.974291133519919	2.26106366101364	-0.283292496117744	0.322733157931177	0.256314425246526	0.239341311304311	0.0227264409912126	0.00732223488109934	-0.0102131019596214
WT	2021-06-27	368541.312745669	0.977486644420581	2.36879093280196	-0.30711981016795	0.359735428685101	0.272221975214698	0.252346175741584	-0.0238273140502063	0.0370022707539231	0.015907549968172
WT	2021-07-04	345361.949636978	0.980481174033874	2.51172623365957	-0.336074585759069	0.358191614420062	0.290796366942258	0.327103343265997	-0.0289547755911187	-0.00154381426503829	0.0185743917275606
WT	2021-07-11	287059.087864726	0.982970177064692	2.46893144125453	-0.289636036579557	0.398575238941988	0.285507662777601	0.283750203620305	0.0464385491795113	0.0403836245219253	-0.00528870416465689
WT	2021-07-18	336392.683787051	0.985886936870902	2.21607571409422	-0.269435701306119	0.43800218057214	0.253063931815282	0.364957209581334	0.0202003352734387	0.0394269416301529	-0.0324437309623196
WT	2021-07-25	195602.052690351	0.987582943451297	2.54363566576121	-0.286050427105327	0.428855544124658	0.298795955351556	0.470691548706614	-0.0166147257992077	-0.00914663644748282	0.0457320235362745
WT	2021-08-01	147046.551529772	0.988857939882002	2.42329570917616	-0.268883198256403	0.399051408289443	0.285382061562821	0.295560809144722	0.0171672288489232	-0.0298041358352144	-0.0134138937887353
WT	2021-08-08	314191.769845639	0.991582202239348	1.34142068786724	-0.139745034204403	0.311064765972776	0.144522276676111	1.25233326170821	0.129138164052001	-0.0879866423166669	-0.14085978488671
WT	2021-08-15	145899.827364197	0.992847255769639	1.84174859247053	-0.178642083402197	0.304582902027644	0.208583259098233	0.641890203120478	-0.0388970491977942	-0.00648186394513265	0.0640609824221221
WT	2021-08-22	232243.844241617	0.994860972306211	1.26164029034355	-0.0211588896507859	0.114847518090459	0.138113174529352	1.57564435784774	0.157483193751411	-0.189735383937185	-0.0704700845688816
WT	2021-08-29	55619.4603986606	0.995343231922287	2.69627447200599	-0.286632711853364	0.392890696260262	0.299429309017396	2.4391888120807	-0.265473822202578	0.278043178169802	0.161316134488044
WT	2021-09-05	42020.5600894218	0.995707579563036	2.71975012599768	-0.225030887468987	0.409244202968856	0.300563318121651	0.261173518416362	0.0616018243843765	0.0163535067085944	0.00113400910425543
WT	2021-09-12	31155.9571601864	0.995977723498825	2.65616447487857	-0.209062387459167	0.401353876185164	0.290994455785575	0.341065967031044	0.0159685000098207	-0.00789032678369165	-0.00956886233607607
WT	2021-09-19	29030.7531401394	0.996229440429615	2.37711438799102	-0.145235295722049	0.414463210456749	0.261185943560204	0.678544815711845	0.0638270917371183	0.0131093342715844	-0.0298085122253708
Alpha	2020-11-15	126097.254554691	0.00308410976872742	0	0	0	0	0.007183442	0	0	0
Alpha	2020-11-22	131953.786738729	0.00521563573853508	0.0322353836260651	0.00540415775752974	-0.00422385040582395	-5.86152612165027E-07	0.0322353836260651	0.00540415775752974	-0.00422385040582395	-5.86152612165027E-07
Alpha	2020-11-29	163093.708112094	0.00785018290042511	0.0422795392408166	0.0114511115179577	5.73446450403802E-05	8.23388079047443E-05	0.0289620859240449	0.00604695376042796	0.00428119505086433	8.29249605169093E-05
Alpha	2020-12-06	129480.350865601	0.00994175402749176	0.0490268851348063	0.0327317080685263	-0.00238150852278835	1.75328258220067E-05	0.0357001562981079	0.0212805965505686	-0.00243885316782873	-6.48059820827376E-05
Alpha	2020-12-13	406447.478690471	0.016507335642114	0.0525354972740617	0.0393795279325752	-0.00041769021156778	8.66559310271218E-05	0.0422358939901133	0.00664781986404894	0.00196381831122057	6.91231052051151E-05
Alpha	2020-12-20	756443.204935622	0.0287266010065659	0.057564413998516	0.0373414602119373	-0.000311056129940626	0.000459606418330046	0.0346805921563465	-0.00203806772063791	0.000106634081627154	0.000372950487302924
Alpha	2020-12-27	705069.24252196	0.0401159929906239	0.0618256633728143	0.0230693756424659	-0.00230742702126251	0.000271669238350423	0.0393743211485365	-0.0142720845694714	-0.00199637089132188	-0.000187937179979623
Alpha	2021-01-03	972971.396736667	0.0558329636913635	0.0699703263656875	0.0384053175996906	-0.00390487606217975	0.000308829283654994	0.0398851187126184	0.0153359419572247	-0.00159744904091724	3.71600453045714E-05
Alpha	2021-01-10	1062556.56109994	0.0729970554567519	0.0690247998900944	0.0221072433980231	-0.00335642514000616	0.000458634511272951	0.0425770493771247	-0.0162980742016676	0.000548450922173587	0.000149805227617957
Alpha	2021-01-17	1309693.4211734	0.0941532921113684	0.0800951203753747	-0.0103268391951314	-0.00233259239631329	0.000578308586297468	0.0427606475925745	-0.0324340825931545	0.00102383274369287	0.000119674075024516
Alpha	2021-01-24	1388023.74711419	0.116574843904662	0.085357349775132	-0.00809990978132913	-0.00464100686937245	0.000341663903889266	0.0360576262275896	0.00222692941380229	-0.00230841447305916	-0.000236644682408201
Alpha	2021-01-31	1718020.11803776	0.144327018273863	0.0799945045328325	0.0200473863322344	-0.0046260628391545	0.000480164251058488	0.0440778720482626	0.0281472961135635	1.49440302179418E-05	0.000138500347169221
Alpha	2021-02-07	1362578.41438773	0.166337536864871	0.0858012775056187	0.0423617414002894	-0.00737534367048157	0.000486708321769551	0.0437314938740744	0.022314355068055	-0.00274928083132706	6.54407071106354E-06
Alpha	2021-02-14	1349100.53735958	0.188130339499306	0.0837272666761152	0.0352988503651623	-0.00495563165133899	0.000276566037803612	0.0382907293449849	-0.00706289103512713	0.00241971201914258	-0.000210142283965939
Alpha	2021-02-21	1462569.65913504	0.211756074600579	0.0914938661146056	0.0307487598636772	-0.00486107762129011	0.00029500676550417	0.0390997233255909	-0.00455009050148509	9.45540300488764E-05	1.84407277005582E-05
Alpha	2021-02-28	1562511.61537436	0.23699623002629	0.0993559015535903	0.0166339238814523	-0.00710565541289528	0.000532493073281249	0.038299186388297	-0.0141148359822248	-0.00224457779160516	0.000237486307777079
Alpha	2021-03-07	1780565.98256153	0.26575874398355	0.107825179861526	0.0322582793134581	-0.00415278897959899	0.000457903457398966	0.0421282643470922	0.0156243554320057	0.00295286643329629	-7.45896158822834E-05
Alpha	2021-03-14	2094066.4486692	0.299585412608674	0.104304297430211	0.0210358627909868	-0.00565089557444088	0.000841631880661215	0.0392032271379818	-0.0112224165224713	-0.00149810659484189	0.000383728423262249
Alpha	2021-03-21	2470338.7217702	0.339490225269342	0.114488810425844	0.0369034346507685	-0.00536682261537166	0.00126776075389147	0.0375316443934518	0.0158675718597818	0.000284072959069221	0.000426128873230255
Alpha	2021-03-28	2811686.60525052	0.38490902806519	0.117472853021606	0.0272576488282286	-0.0066251375926474	0.00126616619389466	0.0353032633785733	-0.00964578582253985	-0.00125831497727573	-1.59455999681048E-06
Alpha	2021-04-04	3063705.30493226	0.434398834933946	0.124159547945588	0.0295593662206657	-0.00490490670985451	0.00105253145195927	0.0355671235877959	0.00230171739243706	0.00172023088279288	-0.000213634741935388
Alpha	2021-04-11	3422647.28878239	0.48968683963499	0.130733986016016	0.0376167380204193	-0.00717802771320883	0.00113604847439933	0.0381872840506266	0.00805737179975363	-0.00227312100335431	8.35170224400561E-05
Alpha	2021-04-18	3964621.50186109	0.553729667813975	0.136928138893678	0.0340162323113647	-0.00956630817069565	0.00143815240032538	0.0347281569526364	-0.00360050570905464	-0.00238828045748682	0.000302103925926057
Alpha	2021-04-25	4296900.21208928	0.623139986518016	0.138142331120094	0.0323936346638572	-0.0105693394315157	0.00148951045971763	0.0344471290462993	-0.00162259764750744	-0.00100303126082004	5.13580593922493E-05
Alpha	2021-05-02	4334293.56211388	0.693154341670314	0.140261571835995	0.0353057742513291	-0.00696053732190157	0.00183488134202558	0.0343918937201328	0.00291213958747178	0.00360880210961412	0.000345370882307949
Alpha	2021-05-09	4046168.81582637	0.758514450859424	0.143961494547914	0.0314258222025321	-0.00750912730495813	0.00216069073246714	0.0358149477262504	-0.00387995204879693	-0.000548589983056558	0.000325809390441557
Alpha	2021-05-16	3681793.5304294	0.817988594948361	0.149101340561776	0.0248322433725081	-0.00675959225640969	0.00254204226003888	0.0415997353850886	-0.00659357883002399	0.00074953504854844	0.000381351527571735
Alpha	2021-05-23	2960306.31649416	0.865808138048605	0.156363690991854	0.0244774408200899	-0.00994994826414339	0.00340176217120562	0.0456697943799669	-0.000354802552418211	-0.0031903560077337	0.000859719911166751
Alpha	2021-05-30	2196052.62920586	0.901282248537643	0.165824103385347	0.0254976021860135	-0.0137454777492707	0.00329635626768586	0.0494702585500029	0.00102016136592361	-0.0037955294851273	-0.000105405903519772
Alpha	2021-06-06	1562650.21719441	0.926524642878857	0.167684933483141	0.0310665039712759	-0.016365042175649	0.00353192668487643	0.0544909622843396	0.00556890178526235	-0.00261956442637832	0.000235570417190578
Alpha	2021-06-13	1225371.03842748	0.94631877122949	0.172411465262733	0.024727731921012	-0.0166727138212349	0.00395157529346113	0.0644316462895598	-0.00633877205026386	-0.000307671645585882	0.000419648608584699
Alpha	2021-06-20	976889.971418673	0.962099040937448	0.17643707533257	0.0278840180819209	-0.0128726427917099	0.00339039609572248	0.0677477320190684	0.0031562861609089	0.00380007102952499	-0.000561179197738647
Alpha	2021-06-27	638477.48014761	0.972412737601316	0.181435220986694	0.0230386514554917	-0.0151485932365939	0.00527941921468495	0.0709301081007448	-0.00484536662642924	-0.00227595044488396	0.00188902311896247
Alpha	2021-07-04	443679.134751109	0.97957974372791	0.190824687707557	0.0146937354795227	-0.0130459820304442	0.00481222138799453	0.0805916245503421	-0.00834491597596897	0.00210261120614964	-0.000467197826690418
Alpha	2021-07-11	364454.658787134	0.985466990992442	0.190744491421102	-0.000122453037976621	-0.015413691353002	0.00468001181962468	0.0827664362913444	-0.0148161885174993	-0.00236770932255774	-0.000132209568369849
Alpha	2021-07-18	286378.846734378	0.990093034428592	0.186779313378429	0.00453712777109178	-0.0130355638945052	0.00723474758582319	0.0799511646819014	0.00465958080906842	0.00237812745849681	0.0025547357661985
Alpha	2021-07-25	193334.515783646	0.993216078878003	0.174383753111831	0.0199573059725816	-0.0193564346050082	0.00807069326906803	0.0857048456341674	0.0154201782014899	-0.00632087071050302	0.00083594568324484
Alpha	2021-08-01	142277.724449304	0.995514373395229	0.154955218730273	0.0109857220543842	-0.00762695934812712	0.00484772226612582	0.0824414137131335	-0.00897158391819748	0.0117294752568811	-0.0032229710029422
Alpha	2021-08-08	69988.3732998919	0.996644936139659	0.161743216390146	0.0287695352058596	-0.013466058424354	0.00604130424209559	0.0915967496587166	0.0177838131514755	-0.00583909907622688	0.00119358197596977
Alpha	2021-08-15	122153.237913762	0.998618148165963	0.186713679568031	0.00493179939899836	-0.00957874457429048	0.00376045754669583	0.159024100109714	-0.0238377358068613	0.00388731385006351	-0.00228084669539976
Alpha	2021-08-22	29414.8368683752	0.999093303068541	0.199880006519935	0.0132015235299809	-0.00701399898235096	0.0082855540541709	0.205139924000508	0.00826972413098251	0.00256474559193952	0.00452509650747508
Delta	2021-03-14	21048.7954558668	0.000708762438849284	0	0	0	0	0.007183442	0	0	0
Delta	2021-03-21	6011.08354596954	0.000765023119240297	0.527779975380221	-0.0491411021994564	0.000228932174069327	-0.00142600155750264	0.527779975380221	-0.0491411021994564	0.000228932174069327	-0.00142600155750264
Delta	2021-03-28	5302.40828354998	0.000814650960121578	0.468801701664642	-0.0699761606621744	0.00587202207247838	-0.000558394394094551	0.212869829826624	-0.020835058462718	0.00564308989840905	0.000867607163408091
Delta	2021-04-04	12625.6769240043	0.000932820865548674	0.501145572088237	-0.0855118968747287	0.00255244972146748	0.00162493571424672	0.170848840347041	-0.0155357362125543	-0.0033195723510109	0.00218333010834128
Delta	2021-04-11	37093.8020056798	0.00127999995949561	0.50247013055552	-0.089303678670252	0.00316893675790953	6.86773346184246E-05	0.143144763039363	-0.00379178179552325	0.000616487036442053	-0.0015562583796283
Delta	2021-04-18	68926.9387121566	0.00192512099958093	0.486929510071754	-0.0651940560562478	0.0039967519125437	0.000915341481583849	0.152828103357112	0.0241096226140041	0.000827815154634168	0.000846664146965424
Delta	2021-04-25	133578.723164203	0.0031753498133228	0.510721789576059	-0.0611824111905668	0.00232319862595168	0.000143969344400618	0.150855121041872	0.00401164486568115	-0.00167355328659202	-0.000771372137183231
Delta	2021-05-02	176312.975686262	0.00482554946501859	0.510696059257374	-0.0353711281157837	-0.000439818768654219	0.000789271806025263	0.131787482073476	0.0258112830747831	-0.00276301739460589	0.000645302461624646
Delta	2021-05-09	293539.79978192	0.00757293248361691	0.51125058697423	-0.0172897941117077	-0.00357309018727506	0.00104434203553105	0.125082240352222	0.018081334004076	-0.00313327141862084	0.000255070229505783
Delta	2021-05-16	323120.052087751	0.0105971715978155	0.459245440419034	0.0183352951758845	0.00184090031486331	0.000544736306777534	0.146387562367336	0.0356250892875922	0.00541399050213837	-0.000499605728753512
Delta	2021-05-23	514049.700682669	0.0154084149774878	0.465039616198492	0.064846422618973	-0.00032763120912723	4.07477219415374E-05	0.133915086145627	0.0465111274430884	-0.00216853152399054	-0.000503988584835996
Delta	2021-05-30	827475.412699182	0.0231531633858684	0.489007608733751	0.0909336152160048	0.000311516334190772	0.00020937443260332	0.083595019370418	0.0260871925970317	0.000639147543318003	0.000168626710661783
Delta	2021-06-06	987146.47556157	0.032392351618067	0.484664836147806	0.0701835517892096	-0.00100190551846191	0.000728622347864163	0.0553363640740082	-0.0207500634267952	-0.00131342185265268	0.000519247915260843
Delta	2021-06-13	1035260.57570391	0.0420818633218507	0.475007181127385	0.0332649013307127	-0.00708935834947903	0.000823134215771893	0.0672836161890545	-0.0369186504584968	-0.00608745283101712	9.4511867907729E-05
Delta	2021-06-20	1144983.25827126	0.0527983234498841	0.476839089476941	0.017328307422932	6.2723412115881E-05	0.00126131867146892	0.0891458406838034	-0.0159365939077808	0.00715208176159492	0.000438184455697031
Delta	2021-06-27	1628634.42662523	0.0680415121777466	0.471433623334956	-0.0250452130084427	-0.000243368620986361	0.0010929706325163	0.0867588802779967	-0.0423735204313745	-0.000306092033102244	-0.000168348038952626
Delta	2021-07-04	2094704.12909716	0.0876468759394746	0.473525099566043	-0.00893165046649442	0.000512542657311561	0.000571042270671437	0.0549968613803011	0.0161135625419481	0.000755911278297924	-0.000521928361844861
Delta	2021-07-11	2559222.05251259	0.11159989087346	0.472384969641993	0.0224075685505756	0.000196979503373201	0.000580755616661001	0.073111430988222	0.0313392190170701	-0.000315563153938362	9.71334598956428E-06
Delta	2021-07-18	2920462.27757633	0.138933930325116	0.463613558246499	0.0141290230732783	0.000245077471872341	0.000489578493545425	0.0778406074292324	-0.0082785454772973	4.80979684991405E-05	-9.1177123115576E-05
Delta	2021-07-25	3441473.15669163	0.171144366241067	0.449690815090543	0.0205767544891221	5.77109716922487E-05	0.000394910536271523	0.0466532189768702	0.0064477314158438	-0.000187366500180092	-9.46679572739019E-05
Delta	2021-08-01	3814691.2700381	0.206847933608368	0.449039123316016	0.0264763528539073	-0.00059547218951359	0.000293009535122112	0.0484693907544396	0.00589959836478516	-0.000653183161205839	-0.000101901001149411
Delta	2021-08-08	3973552.09860117	0.244038357419119	0.444442636391517	0.0205493756097989	0.00247848564526935	0.000114808113608172	0.0431202741115482	-0.00592697724410849	0.00307395783478293	-0.00017820142151394
Delta	2021-08-15	4243261.45605792	0.283753123445761	0.468518032715947	0.0353171776953066	-0.00136635944310085	0.000143069023800048	0.0809981515180728	0.0147678020855077	-0.0038448450883702	2.82609101918764E-05
Delta	2021-08-22	4300086.09549485	0.323999739155284	0.477857327781584	0.0248633740143708	-0.000534580815542754	-1.53163470195453E-05	0.0478600561680922	-0.0104538036809357	0.000831778627558098	-0.000158385370819594
Delta	2021-08-29	4431466.55589362	0.365476009058697	0.454776214265315	0.0480781472952871	-0.00135851721401182	0.000102124612684326	0.0717570636466506	0.0232147732809164	-0.000823936398469059	0.000117440959703871
Delta	2021-09-05	4230353.73937593	0.405069965431427	0.459945439919991	0.034227125502862	-0.00116966702726704	0.000263495133850039	0.0417299368526654	-0.0138510217924252	0.000188850186744771	0.000161370521165714
Delta	2021-09-12	3952410.31998979	0.442062512962426	0.450518345404663	0.023313874049401	-0.000816991639288463	0.000252893075629658	0.0507566044473389	-0.010913251453461	0.000352675387978578	-1.06020582203818E-05
Delta	2021-09-19	3673164.11298177	0.476441458223097	0.457062608941364	0.0234571294949551	-0.00182174925301659	0.000155390524845496	0.0364730889390499	0.000143255445554189	-0.00100475761372813	-9.75025507841622E-05
Delta	2021-09-26	3409299.90883242	0.508350768925747	0.46645878113508	0.0236935290701163	-0.00370576959816441	0.00030144958400117	0.0434487194801215	0.000236399575161119	-0.00188402034514782	0.000146059059155675
Delta	2021-10-03	3173566.35952673	0.538053733672049	0.476677466430651	0.00855865515670285	-0.0102593918312725	0.000616242974596513	0.0424908923411313	-0.0151348739134134	-0.00655362223310811	0.000314793390595344
Delta	2021-10-10	2974349.43527338	0.565892129473635	0.490365269200334	-0.0165865101672217	-0.00267624277159208	0.000519563734713657	0.0483983174750292	-0.0251451653239246	0.00758314905968044	-9.66792398828571E-05
Delta	2021-10-17	2940203.0602057	0.593410932596214	0.489228448669476	0.00205066139808753	-0.00218196006341251	0.000616881815639773	0.0436201761614128	0.0186371715653092	0.000494282708179568	9.73180809261157E-05
Delta	2021-10-24	3000500.76747671	0.621494091547679	0.48917417123486	0.0343703686423322	-0.000831674476679989	0.000832411171040413	0.0647573664113372	0.0323197072442447	0.00135028558673252	0.000215529355400641
Delta	2021-10-31	3099573.61986502	0.650504521937149	0.504188119014353	0.0353200860747787	-0.000717845004702539	0.000929752339484311	0.0476154912712135	0.000949717432446475	0.000113829471977453	9.73411684438981E-05
Delta	2021-11-07	3257478.88813405	0.680992865212409	0.511884632445108	0.030941658844165	-0.000822011779870344	0.000771748057281936	0.0420806638310504	-0.00437842723061386	-0.000104166775167807	-0.000158004282202375
Delta	2021-11-14	3503193.92064029	0.713780976042948	0.536971618395283	0.03549258424596	-0.000568713813150116	0.000889832679314768	0.068753852869956	0.00455092540179507	0.000253297966720229	0.000118084622032832
Delta	2021-11-21	3789547.05781276	0.749249206390414	0.542549209772594	0.0371324524174389	-0.000472464630697595	0.000990315723890742	0.0377055346230507	0.00163986817147892	9.62491824525187E-05	0.000100483044575975
Delta	2021-11-28	4040695.234043	0.787068055751177	0.54399136629664	0.0429823137296202	0.000379290021957057	0.000602908733110299	0.0508806687710955	0.00584986131218133	0.000851754652654653	-0.000387406990780444
Delta	2021-12-05	4169583.53461844	0.826093233959203	0.546599041508108	0.0370355941251053	0.00055483332519909	0.00109040550568811	0.0382373992819205	-0.00594671960451495	0.000175543303242032	0.000487496772577811
Delta	2021-12-12	4245572.31562266	0.865829628454391	0.558481801033158	0.0381956071769835	9.48932766551182E-05	0.00133862975701401	0.0411375229761528	0.00116001305187821	-0.000459940048543966	0.000248224251325898
Delta	2021-12-19	4059374.9886291	0.903823310804001	0.555172443476686	0.0259953592590308	-3.58145372248017E-05	0.0014618683521048	0.0697711041160148	-0.0122002479179526	-0.000130707813879923	0.000123238595090789
Delta	2021-12-26	3525661.83667504	0.936821709885139	0.542191454950361	0.0176778088609691	-0.00289265782519057	0.0020630425057033	0.0805815605120013	-0.00831755039806175	-0.00285684328796577	0.000601174153598498
Delta	2022-01-02	2881766.92408057	0.963793580536612	0.543649912716107	0.0217360328099097	-0.00327323917749317	0.00251417162639234	0.0754299826309082	0.00405822394894056	-0.000380581352302599	0.000451129120689043
Delta	2022-01-09	2018984.21423234	0.982690244461303	0.578319711214543	0.0282557916365557	-0.00543162590108632	0.00241020053728033	0.103105745891872	0.00651975882664604	-0.00215838672359315	-0.000103971089112008
Delta	2022-01-16	967993.485413788	0.991750170460828	0.57773213121935	0.0561617765133933	-0.00853623414943836	0.00286198675553302	0.122658818505538	0.0279059848768376	-0.00310460824835204	0.000451786218252691
Delta	2022-01-23	444086.303187583	0.995906592074102	0.581531606856047	0.0492671810520288	-0.0172104258624933	0.00262212304162506	0.142346030117978	-0.00689459546136453	-0.00867419171305493	-0.000239863713907957
Delta	2022-01-30	219080.308717762	0.997957072180471	0.571515018152062	0.0537487429088098	-0.000455172983720032	0.00185687355603191	0.169907495242047	0.00448156185678112	0.0167552528787733	-0.00076524948559315
Delta	2022-02-06	102434.684205087	0.998915808652015	0.614414507139448	0.0686306809967833	-0.00918695110050959	0.00873644497500815	0.217582675470855	0.0148819380879734	-0.00873177811678956	0.00687957141897623
BA.1	2021-11-28	15712.0260893465	0.000257358641164343	0	0	0	0	0.007183442	0	0	0
BA.1	2021-12-05	34993.000863134	0.000508679444731826	0.125485874828192	-0.00440591521707679	0.00930864857044281	0.00152172993475453	0.125485874828192	-0.00440591521707679	0.00930864857044281	0.00152172993475453
BA.1	2021-12-12	174384.809171653	0.00176111648328128	0.167106474911961	-0.0315185011802292	0.00257891444862722	0.00317344403207965	0.0877361980406166	-0.0271125859631525	-0.00672973412181558	0.00165171409732512
BA.1	2021-12-19	951461.243100805	0.00859454026178699	0.187635546593313	-0.00853568106509061	0.0391537535964888	0.00527355701132692	0.131511838053606	0.0229828201151386	0.0365748391478616	0.00210011297924727
BA.1	2021-12-26	3477108.28606392	0.0335672384297049	0.186649472309852	-0.00841216039825462	0.046193067289552	0.00501761598225706	0.0776607733031758	0.000123520666835997	0.00703931369306314	-0.000255941029069857
BA.1	2022-01-02	7860218.60262543	0.0900195690873214	0.235195552189084	-0.00798895963364074	0.0554691528452068	0.00516923606168572	0.090345209362094	0.000423200764613868	0.00927608555565481	0.000151620079428661
BA.1	2022-01-09	13102201.5908944	0.184119982058643	0.229218811713714	-0.0122029571599489	0.0619613579880787	0.006108770325804	0.0977842281315991	-0.00421399752630815	0.00649220514287197	0.00093953426411828
BA.1	2022-01-16	18125841.3691079	0.314300329724115	0.200679448324841	-0.0226774922597308	0.0640108192106135	0.00731424995206891	0.0916221209683728	-0.010474535099782	0.0020494612225348	0.00120547962626491
BA.1	2022-01-23	20132852.8734813	0.458895095461964	0.228125113629823	-0.0198156620960088	0.0726926363903274	0.00737062602683383	0.0552719751743586	0.00286183016372207	0.00868181717971387	5.63760747649202E-05
BA.1	2022-01-30	19533806.7464031	0.599187493574353	0.257503830040391	-0.0160865321163468	0.0795758607463832	0.00764803352248192	0.0527070088923488	0.00372912997966203	0.00688322435605585	0.000277407495648092
BA.1	2022-02-06	16244804.8103502	0.715858179083789	0.248244635327107	-0.0142555749315536	0.0828017899077519	0.00862704046326119	0.0459907267133842	0.0018309571847932	0.00322592916136857	0.000979006940779263
BA.1	2022-02-13	12397499.1642993	0.804897397651677	0.254237550158904	-0.0107553701831492	0.0909988943145996	0.00951562000141601	0.0393256446983457	0.0035002047484044	0.00819710440684787	0.000888579538154813
BA.1	2022-02-20	8410419.29931185	0.865301286558198	0.264827041081834	-0.0101264747112697	0.0946114341850205	0.0103520409472787	0.0406237787555713	0.000628895471879483	0.00361253987042079	0.000836420945862674
BA.1	2022-02-27	6019320.72747553	0.908532232314362	0.2806703220535	-0.00717105985451692	0.0984984595443246	0.0108635563942526	0.0435111287425118	0.00295541485675276	0.00388702535930399	0.000511515446973894
BA.1	2022-03-06	4166962.917617	0.938459487567132	0.280684690947524	-0.00233599484163216	0.107023885678572	0.0118244500563987	0.0508627918966143	0.00483506501288476	0.00852542613424768	0.000960893662146145
BA.1	2022-03-13	3074861.9273	0.960543240070972	0.290343380168848	-0.00563669254380534	0.108007666790547	0.012356554235771	0.040762766594958	-0.0033006977021732	0.000983781111974494	0.000532104179372297
BA.1	2022-03-20	1990573.55190801	0.974839600265468	0.302007440189021	-0.00375255814340929	0.113625713048114	0.0129882058530451	0.0470027543226346	0.00188413440039604	0.00561804625756746	0.000631651617274087
BA.1	2022-03-27	1351211.44823452	0.984544042256256	0.323342462752761	-0.00128455061769132	0.120885615866493	0.013800886610413	0.0593570037613266	0.00246800752571798	0.0072599028183786	0.00081268075736792
BA.1	2022-04-03	889983.768258389	0.99093593292821	0.326870072414144	-0.00150837823110457	0.11844650641616	0.0139512688989125	0.0572909781439118	-0.000223827613413237	-0.0024391094503326	0.000150382288499457
BA.1	2022-04-10	580999.477097794	0.995108688960983	0.343190724592834	-0.00277055908334957	0.122177098857427	0.0147882210662455	0.0719240465427688	-0.00126218085224501	0.00373059244126657	0.000836952167333003
BA.1	2022-04-17	279300.753602338	0.997114635524609	0.353614356314149	-0.00998854989752909	0.119641351661596	0.0151414219108951	0.0746753633256239	-0.00721799081417951	-0.00253574719583102	0.000353200844649662
BA.1	2022-04-24	135070.988887541	0.99808471950222	0.373714460929268	-0.0207925114647604	0.1189756261523	0.015124849595482	0.109829568926074	-0.0108039615672313	-0.000665725509295652	-1.65723154131619E-05
BA.1	2022-05-01	74292.2120283471	0.998618288443587	0.382520154761652	-0.0239100160620918	0.113725029344206	0.0163767536439214	0.135508697526499	-0.00311750459733149	-0.00525059680809402	0.00125190404843941
BA.1	2022-05-08	43862.1278590941	0.998933307588782	0.420864332715048	-0.0322850332920053	0.100748909399826	0.0165652408218671	0.178721314772723	-0.00837501722991341	-0.0129761199443804	0.000188487177945703
BA.1	2022-05-15	43806.1033071563	0.99924792436393	0.324504869871455	-0.0190512035889401	0.0600434586032444	0.0114098113775247	0.226531934020544	0.0132338297030652	-0.0407054507965812	-0.00515542944434241
BA.2	2021-12-19	8382.65277245432	0.00012088124044084	0	0	0	0	0.007183442	0	0	0
BA.2	2021-12-26	48448.2283755196	0.000539977453772776	0.413450119470815	0.48015701610885	0.0527511729746636	-0.00963071804817015	0.413450119470815	0.48015701610885	0.0527511729746636	-0.00963071804817015
BA.2	2022-01-02	250633.11455676	0.00270805238175926	1.0976882377834	1.43974787481087	0.14918933043372	-0.0289936453161969	0.729568273049159	0.959590858702022	0.0964381574590559	-0.0193629272680268
BA.2	2022-01-09	706526.720527896	0.00881978614622216	1.37894458361734	1.7107776826927	0.170795272353546	-0.0349443785063275	0.302187399613225	0.27102980788183	0.0216059419198261	-0.00595073319013056
BA.2	2022-01-16	1117159.69464149	0.0184836564962861	1.4921381133143	1.75280354385676	0.128230509175547	-0.0387595433565287	0.26469992697573	0.0420258611640562	-0.0425647631779985	-0.00381516485020117
BA.2	2022-01-23	1926254.90510125	0.0351465183533342	1.51326065556144	1.90366003564456	0.162835639505191	-0.0399584444539729	0.135191154706039	0.150856491787804	0.0346051303296438	-0.00119890109744427
BA.2	2022-01-30	2498711.2793521	0.0567613527961845	1.5325650615814	1.99500319596663	0.192566295621851	-0.0408079147932973	0.0645693477552447	0.0913431603220614	0.0297306561166604	-0.000849470339324394
BA.2	2022-02-06	3355478.18803692	0.0857875576684096	1.56248380083657	2.03273761587898	0.205177417185818	-0.0418267772834438	0.0594810524495577	0.0377344199123569	0.0126111215639663	-0.00101886249014645
BA.2	2022-02-13	3739522.34936964	0.118135895447524	1.59192532099964	2.05468441206061	0.209982282464634	-0.0425755225221372	0.0524440932643682	0.0219467961816265	0.00480486527881611	-0.00074874523869348
BA.2	2022-02-20	4756414.18209908	0.15928074717059	1.55871289820233	2.07175037643104	0.213810849397064	-0.0418581521952741	0.0612413326526055	0.0170659643704335	0.00382856693243042	0.000717370326863132
BA.2	2022-02-27	5390288.93311586	0.205908864573029	1.56900692038875	2.08369375231053	0.215239010652193	-0.0421497620215925	0.0291178127376758	0.0119433758794866	0.00142816125512872	-0.000291609826318436
BA.2	2022-03-06	6844421.42859937	0.265115799467337	1.57576696056329	2.08679262803889	0.21569706942294	-0.0417773551863582	0.0320715570174729	0.00309887572835767	0.000458058770747249	0.000372406835234393
BA.2	2022-03-13	8385686.9606723	0.337655286859214	1.57719453875929	2.08818053032468	0.216124393199389	-0.0416779311829946	0.0214983580583517	0.00138790228578559	0.000427323776448502	9.94240033635204E-05
BA.2	2022-03-20	9579877.97142947	0.420524995755253	1.5827076218065	2.09445487923746	0.217433280712083	-0.0416945729358798	0.0192628251530369	0.00627434891279547	0.00130888751269443	-1.66417528851919E-05
BA.2	2022-03-27	9450815.44324179	0.502278263066942	1.58844666780768	2.09472879699202	0.217934744188743	-0.0411418108381029	0.0233547764462047	0.00027391775455453	0.00050146347665958	0.000552762097776875
BA.2	2022-04-03	8217975.11856008	0.573366977121652	1.59934933236768	2.08818480475239	0.220124196877953	-0.0405904328031073	0.0279066549125493	-0.00654399223962878	0.00218945268921004	0.000551378034995595
BA.2	2022-04-10	6762558.34054381	0.631865764135921	1.62183764988813	2.09493053439828	0.222725761933241	-0.0392556512679621	0.0500356740810723	0.00674572964588354	0.00260156505528789	0.00133478153514523
BA.2	2022-04-17	5507916.29438794	0.679511404435405	1.63540225812427	2.10509727607448	0.228577760832809	-0.0376677667644286	0.0412097788313342	0.0101667416762065	0.00585199889956771	0.00158788450353349
BA.2	2022-04-24	4554080.44262608	0.718905989804351	1.65811956367601	2.10770246909575	0.231404998467899	-0.0363509719496965	0.0382123919694927	0.00260519302127149	0.00282723763509116	0.00131679481473211
BA.2	2022-05-01	3836623.91572496	0.752094294288805	1.687254999141	2.11170834627471	0.240387604102357	-0.032941431816417	0.0601734385840931	0.00400587717895352	0.00898260563445774	0.00340954013327948
BA.2	2022-05-08	3476386.93374648	0.78216640732289	1.73082380992651	2.11536737706748	0.249449542194143	-0.0292514054946572	0.0637798964206372	0.00365903079277218	0.00906193809178511	0.00369002632175989
BA.2	2022-05-15	3203344.73841389	0.809876598074558	1.76399210753513	2.12050640031779	0.257921809096879	-0.0257961909450932	0.0604752683954962	0.00513902325031858	0.00847226690273651	0.00345521454956396
BA.2	2022-05-22	2949894.10581223	0.835394341259999	1.80079482973757	2.12103161412269	0.268583800515353	-0.021701762291966	0.0744165148043942	0.000525213804889579	0.0106619914184746	0.00409442865312716
BA.2	2022-05-29	2564774.30766694	0.857580646857447	1.84137165651294	2.11913041641269	0.278819795071062	-0.0172540885438602	0.067620519736611	-0.00190119771000567	0.0102359945557087	0.0044476737481058
BA.2	2022-06-05	2221755.1062324	0.876799701572013	1.86684803075093	2.12342876507858	0.285330679165277	-0.0153016246428998	0.0621290231225087	0.00429834866590081	0.0065108840942148	0.00195246390096048
BA.2	2022-06-12	1994294.28946771	0.894051130840121	1.89670458611431	2.12948061090673	0.292886688877991	-0.0123490795718293	0.057835127295581	0.00605184582815475	0.007556009712714	0.00295254507107051
BA.2	2022-06-19	1686703.02282944	0.908641774782853	1.90846554284346	2.13368074503066	0.292296875048352	-0.0105513032103758	0.0648743956224518	0.00420013412392219	-0.000589813829638864	0.00179777636145342
BA.2	2022-06-26	1370159.92406875	0.920494196534698	1.9341926985404	2.13121138397656	0.294614988547985	-0.00971220050337765	0.0668060663445353	-0.00246936105410422	0.00231811349963324	0.000839102706998178
BA.2	2022-07-03	1144364.57064835	0.930393399752463	1.95472628140934	2.13400734020556	0.29862968074294	-0.0085656828864515	0.0602736748864291	0.00279595622900832	0.00401469219495481	0.00114651761692616
BA.2	2022-07-10	953668.280207561	0.938643005123208	1.96074506649124	2.13375384379416	0.309095732358657	-0.0110679672380278	0.0895182247156278	-0.000253496411404159	0.0104660516157167	-0.00250228435157629
BA.2	2022-07-17	719205.456877572	0.944864414939245	1.98916194403435	2.13949679841059	0.314118260610876	-0.0104011840007782	0.0960404621546679	0.00574295461643077	0.00502252825221889	0.000666783237249603
BA.2	2022-07-24	486359.417137055	0.949071615013943	2.05418460429738	2.13041453826462	0.318986340740015	-0.00793918237210909	0.13823496300623	-0.00908226014597232	0.00486808012913866	0.00246200162866911
BA.2	2022-07-31	311802.406959875	0.951768828357882	2.16825964486893	2.08291366285012	0.305909558067831	-0.00323156183815357	0.25396440779603	-0.0475008754144971	-0.0130767826721831	0.00470762053395552
BA.2	2022-08-07	197493.062353738	0.953477220952762	2.31040509053421	2.0776099834382	0.317718116830158	0.00477371480771005	0.283209761465034	-0.00530367941191918	0.0118085587623269	0.00800527664586362
BA.2	2022-08-14	135250.565672596	0.954647191492965	2.63527317810862	2.00600822301471	0.312142331979688	0.0263238310686854	0.636904060889835	-0.0716017604234908	-0.00557578485047001	0.0215501162609754
BA.2	2022-08-21	92761.8587811728	0.955449618022486	3.01188650323704	1.95409468827854	0.313911641039538	0.055269855193047	0.706725247210398	-0.0519135347361729	0.00176930905984949	0.0289460241243615
BA.2	2022-08-28	73992.8720170644	0.956089685441166	3.52857073189948	1.9057115262859	0.286174694593356	0.0889712855297536	0.801134170867231	-0.0483831619926417	-0.0277369464461821	0.0337014303367066
BA.2	2022-09-04	55488.138596053	0.95656967964426	3.86622534941052	1.85523895149849	0.284126960211935	0.118431749966854	0.597980959608664	-0.0504725747874096	-0.00204773438142089	0.0294604644371003
BA.2	2022-09-11	57407.2963717448	0.957066275316253	4.18058748022705	1.8323248889914	0.297305661963935	0.153062913041963	0.628130142319749	-0.0229140625070827	0.0131787017520009	0.0346311630751088
BA.2	2022-09-18	64457.2309832563	0.95762385569293	4.55849477252221	1.80530207744245	0.289031864995243	0.183249879581357	0.687407976673889	-0.0270228115489496	-0.00827379696869259	0.030186966539394
BA.2	2022-09-25	72774.9489675273	0.958253387598644	4.70440512260781	1.7842159133933	0.312343766474982	0.210557643270932	0.366420564125625	-0.0210861640491561	0.0233119014797392	0.0273077636895751
BA.2	2022-10-02	80881.0334415683	0.95895304032037	4.75948206149757	1.76825603380902	0.350551244250501	0.223973117996116	0.43314123525053	-0.0159598795842804	0.0382074777755189	0.0134154747251842
BA.2	2022-10-09	99067.5251472447	0.95981001334179	4.7972117446736	1.770161036637	0.377454930933959	0.235193755332118	0.276000558510042	0.00190500282797978	0.0269036866834581	0.011220637336002
BA.2	2022-10-16	104175.556021799	0.96071117283749	4.89677680875677	1.63690187656348	0.396699125347025	0.261808161718851	0.279134862028837	-0.133259160073519	0.0192441944130663	0.0266144063867333
BA.2	2022-10-23	109970.153337769	0.96166245787698	4.9397556675029	1.60863441270385	0.436300687998743	0.28936628135731	0.369175154060039	-0.0282674638596336	0.0396015626517178	0.0275581196384591
BA.2	2022-10-30	111676.288385096	0.962628501655059	4.97698518138587	1.57702696464965	0.464098403469005	0.313715424776934	0.242470722798927	-0.0316074480541955	0.0277977154702616	0.0243491434196237
BA.2	2022-11-06	123689.283926434	0.963698462565116	5.04708880466451	1.48423293400321	0.473772604112695	0.342502897065427	0.261747062296546	-0.0927940306464394	0.00967420064369066	0.0287874722884934
BA.2	2022-11-13	135353.918134862	0.964869327144731	5.09606609459112	1.46904828087452	0.492070597028871	0.363455715984625	0.187960438053956	-0.0151846531286896	0.0182979929161751	0.0209528189191971
BA.2	2022-11-20	174700.08323045	0.966380551513621	5.13410746170973	1.44108772847754	0.490622961947902	0.37699713259369	0.299576746080382	-0.0279605523969858	-0.00144763508096798	0.0135414166090654
BA.2	2022-11-27	195323.834973647	0.968070179439258	5.20305143966148	1.41002692653103	0.468514098818942	0.404361194577605	0.318404011083317	-0.0310608019464979	-0.0221088631289604	0.0273640619839154
BA.2	2022-12-04	223676.541457864	0.970005069417269	5.23340852571296	1.46047709512933	0.46150876171938	0.416144840786163	0.205427832341423	0.0504501685982978	-0.00700533709956212	0.0117836462085579
BA.2	2022-12-11	284353.547627461	0.972464839341867	5.25773621372098	1.48231529695364	0.433993440738273	0.421303833072381	0.157855720482867	0.021838201824307	-0.0275153209811067	0.00515899228621797
BA.2	2022-12-18	325206.597921143	0.975278004204841	5.30545614181994	1.54419125843877	0.372206925845519	0.433670504641778	0.304017919009859	0.0618759614851284	-0.0617865148927544	0.0123666715693963
BA.2	2022-12-25	321358.394627766	0.978057880597162	5.34543541446784	1.54482333043753	0.358083861751569	0.436887968940085	0.138048081709881	0.000632071998766021	-0.01412306409395	0.00321746429830711
BA.2	2023-01-01	336027.82611465	0.980964653336245	5.3962670795437	1.52718152484794	0.332845035167869	0.448944306807635	0.214686660426432	-0.0176418055895925	-0.0252388265837	0.0120563378675501
BA.2	2023-01-08	327256.942430166	0.983795554484911	5.43258513599757	1.62009299971814	0.271798403469005	0.451072120889674	0.241200641218804	0.0929114748701992	-0.0610466316988638	0.00212781408203889
BA.2	2023-01-15	272347.409547057	0.986151466597264	5.41660151770328	1.57857150474025	0.294386192624093	0.450867259988587	0.152155020449258	-0.0415214949778896	0.0225877891550879	-0.000204860901086828
BA.2	2023-01-22	201008.650517816	0.987890270411224	5.43816982052411	1.60318268426914	0.287059101593613	0.458533143133531	0.180926068730475	0.0246111795288928	-0.00732709103048028	0.00766588314494362
BA.2	2023-01-29	165652.257577225	0.989323227532843	5.46618089712077	1.61789009299025	0.254651183995769	0.459851894117275	0.181105107359753	0.0147074087210999	-0.0324079175978431	0.00131875098374445
BA.2	2023-02-05	143849.528264304	0.990567582478453	5.51467152502878	1.67859268965942	0.217526808741685	0.460098837289431	0.217897263598298	0.0607025966691712	-0.0371243752540843	0.000246943172155456
BA.2	2023-02-12	124445.690868224	0.991644086605789	5.56202260028262	1.69541857577024	0.184587200128373	0.466591081902129	0.209683435581203	0.0168258861108209	-0.0329396086133127	0.00649224461269847
BA.2	2023-02-19	117838.895037519	0.992663439353028	5.56286264014637	1.71225314130479	0.176199609572304	0.465222357702985	0.180910049864294	0.0168345655345542	-0.0083875905560682	-0.00136872419914403
BA.2	2023-02-26	111028.531509757	0.993623879779598	5.55309879939188	1.68064340479994	0.209138654430786	0.466123111724122	0.193801078583981	-0.031609736504853	0.0329390448584813	0.000900754021137606
BA.2	2023-03-05	100853.491454545	0.994496302111377	5.56604024738609	1.6537226451827	0.219348014175151	0.466199011867691	0.181917856904401	-0.0269207596172391	0.010209359744365	7.59001435681482E-05
BA.2	2023-03-12	62114.1010114365	0.995033613493057	5.6538075305187	1.82794481694209	0.0621428524755124	0.465585176467646	0.442800339699035	0.174222171759385	-0.157205161699638	-0.000613835400045079
BA.2	2023-03-19	67079.9111676922	0.995613881083919	5.60841407771347	1.70406382235513	0.167338129496402	0.467648053481386	0.369371601672427	-0.123880994586957	0.10519527702089	0.00206287701374064
BA.2	2023-03-26	57025.9098751033	0.99610717761285	5.57433292472357	1.65900613656391	0.237659373019719	0.467809437677534	0.292889413445674	-0.0450576857912197	0.0703212435233165	0.000161384196147486
BA.2	2023-04-02	61308.9621509599	0.996637524227005	5.63632549640884	1.75792165326708	0.147049469702588	0.469047276581502	0.367431952607201	0.0989155167031675	-0.090609903317131	0.00123783890396894
BA.2	2023-04-09	50026.1769488283	0.997070270315556	5.63256042813404	1.74455238312367	0.16930740323942	0.460662752896085	0.359017495303749	-0.0133692701434087	0.0222579335368319	-0.00838452368541715
BA.2	2023-04-16	44484.268633779	0.997455076719471	5.70507016569045	1.79641005639018	0.105558717731697	0.458682879509246	0.341263350143772	0.0518576732665133	-0.0637486855077229	-0.0019798733868389
BA.2	2023-04-23	39816.4788206388	0.99779950490728	5.63379102242621	1.82615618496453	0.120341601718625	0.452382870513802	0.35979476814906	0.0297461285743464	0.0147828839869282	-0.0063000089954449
BA.2	2023-04-30	37699.9981623679	0.998125624705718	5.78267239303633	1.92535154986574	0.0149613689330227	0.469881467864031	0.556567111655028	0.0991953649012132	-0.105380232785602	0.0174985973502295
BA.4/5	2022-04-17	19622.3178867773	0.000772665365335384	0	0	0	0	0.007183442	0	0	0
BA.4/5	2022-04-24	24019.9322504031	0.00102678912729191	0.123694006434812	-0.0180071650310093	0.00669188305050092	-0.000290463837882504	0.123694006434812	-0.0180071650310093	0.00669188305050092	-0.000290463837882504
BA.4/5	2022-05-01	50240.7764796016	0.00155832164743042	0.0808358969919628	-0.0395731138381042	0.00451821439912896	-0.00126325149873731	0.129229916704917	-0.021565948807095	-0.00217366865137195	-0.00097278766085481
BA.4/5	2022-05-08	72317.2225710442	0.00232341642215414	0.115466330370091	-0.0226424561443548	0.00201424072299054	-1.40402596041156E-05	0.0817104275174503	0.0169306576937494	-0.00250397367613843	0.0012492112391332
BA.4/5	2022-05-15	119607.534564761	0.00358882867748769	0.143540783356025	-0.0324974283753645	-0.00372838004335689	0.00157515457121914	0.0857899371579328	-0.00985497223100971	-0.00574262076634743	0.00158919483082326
BA.4/5	2022-05-22	200322.99451589	0.00570818656917866	0.146800875908748	-0.0262844219747003	0.0030919680974286	-0.000123915916727732	0.0607586360041572	0.00621300640066416	0.00682034814078549	-0.00169907048794687
BA.4/5	2022-05-29	338581.963346918	0.00929028336110032	0.160924499129578	-0.0309470740580855	0.00365905369609253	0.000594150867016109	0.0572314428402725	-0.00466265208338518	0.000567085598663937	0.00071806678374384
BA.4/5	2022-06-05	619178.594770324	0.0158410093242574	0.179398152456763	-0.0294466998618714	0.00357097830258343	0.000604807429068803	0.0497656030391832	0.0015003741962141	-8.80753935091023E-05	1.06565620526948E-05
BA.4/5	2022-06-12	1024139.49049292	0.0266761015043334	0.175917070113058	-0.0212435355759926	0.00264266276042198	0.00118170525209194	0.0454413833134545	0.00820316428587885	-0.000928315542161446	0.000576897823023136
BA.4/5	2022-06-19	1837281.484532	0.0461139949069887	0.204719361407538	-0.022503415804557	0.00527883807556131	0.00118743776321866	0.070863033554274	-0.00125988022856437	0.00263617531513932	5.73251112671708E-06
BA.4/5	2022-06-26	2839656.8177721	0.0761567221584624	0.201544439134245	-0.0118527911066892	0.0037971643052966	0.0015001149610859	0.0472083410022524	0.0106506246978678	-0.00148167377026471	0.000312677197867238
BA.4/5	2022-07-03	3968583.4213544	0.118143158179986	0.209496187007298	-0.00974368798935211	0.00493579290877123	0.00239538532729497	0.0426564838041281	0.00210910311733704	0.00113862860347464	0.000895270366209076
BA.4/5	2022-07-10	5007867.38769459	0.171124910446126	0.204623443353511	-0.0075119478381412	0.00400631407248014	0.00288128659809761	0.0394891568336345	0.00223174015121095	-0.000929478836291095	0.000485901270802637
BA.4/5	2022-07-17	5888834.69589356	0.233427035650308	0.211095831376697	-0.00887751930839584	0.0032391647012294	0.00405726181787722	0.0311684408383059	-0.00136557147025467	-0.00076714937125074	0.00117597521977961
BA.4/5	2022-07-24	6426862.70677657	0.301421337699046	0.21413611531552	-0.00447948641658102	0.00332254189778859	0.00515566786531358	0.0338206340149114	0.00439803289181479	8.33771965591862E-05	0.00109840604743636
BA.4/5	2022-07-31	6598038.34011511	0.371226627199615	0.221806047648006	-0.0211317277654871	0.00267158349964886	0.00642344394958479	0.0321799988982437	-0.0166522413489061	-0.000650958398139725	0.00126777608427121
BA.4/5	2022-08-07	6238729.54414467	0.437230536164044	0.219862903727	-0.0227167867755249	0.00358050066428084	0.00836839199914251	0.0373821461370231	-0.00158505901003772	0.000908917164631976	0.00194494804955773
BA.4/5	2022-08-14	5701967.496455	0.497555661799177	0.222675637046198	-0.0296602137198015	0.00132525072868552	0.0101621182696517	0.0398799868459807	-0.00694342694427662	-0.00225524993559532	0.00179372627050922
BA.4/5	2022-08-21	4993473.42598092	0.550385130217803	0.225075111868432	-0.0314465213721026	0.00144510950877286	0.0114500173286184	0.0387346661817596	-0.00178630765230111	0.000119858780087339	0.00128789905896667
BA.4/5	2022-08-28	4507826.1337155	0.598076594265396	0.237097868597639	-0.0282196557917682	0.00173664822796398	0.0134828379043719	0.0400252909297284	0.0032268655803343	0.000291538719191122	0.00203282057575347
BA.4/5	2022-09-04	3794400.93300025	0.638220231200474	0.23698580240835	-0.0379353705239211	0.00147775783055475	0.0166033399941088	0.0465942954011564	-0.00971571473215285	-0.000258890397409235	0.00312050208973689
BA.4/5	2022-09-11	3291693.36874415	0.673045371144762	0.247952736647216	-0.0304274770276756	0.000872767331767873	0.0205567740080737	0.0475627553221749	0.00750789349624551	-0.000604990498786877	0.00395343401396489
BA.4/5	2022-09-18	2901323.15794704	0.703740509992904	0.258653031795647	-0.0174769868520797	0.000549869210647787	0.0256571929722033	0.0513601657253788	0.0129504901755958	-0.000322898121120083	0.00510041896412966
BA.4/5	2022-09-25	2831331.13181556	0.733695153955296	0.272298171579635	-0.0262968339057558	-0.00107433795120719	0.02927696489335	0.0523651992776404	-0.00881984705367615	-0.00162420716185498	0.00361977192114665
BA.4/5	2022-10-02	2687460.17456175	0.762127685843745	0.286473349940624	-0.0224580934764718	-0.00222531554967327	0.0344923717462297	0.0536878818099983	0.00383874042928409	-0.00115097759846608	0.00521540685287971
BA.4/5	2022-10-09	2551189.0438188	0.789118509569595	0.312194626424973	0.014951015155539	-0.00320319066172174	0.0416723101902993	0.062445827052428	0.0374091086320107	-0.000977875112048476	0.00717993844406961
BA.4/5	2022-10-16	2358430.84504124	0.814070008699911	0.328275748523169	0.00619781872747683	-0.00514147371646171	0.0471704514485006	0.0592250869856953	-0.00875319642806218	-0.00193828305473996	0.00549814125820138
BA.4/5	2022-10-23	2077080.57170104	0.836044905350946	0.351790505800044	0.0192873438040245	-0.00365890461790331	0.0518032945974043	0.0626960370299368	0.0130895250765478	0.00148256909855839	0.00463284314890366
BA.4/5	2022-10-30	1769610.22725287	0.854766856914265	0.379105268573435	0.0286400496822134	-0.00620668432206807	0.0608197710954136	0.0665221941100091	0.00935270587818902	-0.00254777970416476	0.00901647649800926
BA.4/5	2022-11-06	1521144.54075525	0.870860115177717	0.383716015351501	0.0181679238509609	-0.0061659708943403	0.0661813481066123	0.0663789636966197	-0.0104721258312529	4.07134277277756E-05	0.00536157701119877
BA.4/5	2022-11-13	1413727.72884131	0.885816935417265	0.415869009253095	0.0235293933213671	-0.00626288135568057	0.0748371320664686	0.0802790379617302	0.00536146947040635	-9.69104613402767E-05	0.00865578395985629
BA.4/5	2022-11-20	1392439.77273229	0.900548535392476	0.430968970304915	0.0349414968048511	-0.00585846284426737	0.0773260017932231	0.0650954014644256	0.0114121034834839	0.000404418511413205	0.00248886972675446
BA.4/5	2022-11-27	1353701.53373725	0.914870296283948	0.448967032679998	0.0422278553240805	-0.00437761395897679	0.0822218034964315	0.071570917615121	0.00728635851922955	0.00148084888529057	0.00489580170320843
BA.4/5	2022-12-04	1256678.97816351	0.928165587301983	0.475797643598103	0.0552532649848948	-0.00530028182037361	0.0910802100605164	0.0774914250613845	0.0130254096608142	-0.000922667861396808	0.00885840656408479
BA.4/5	2022-12-11	1212619.49545684	0.940994742055413	0.485420028242086	0.0586407413965035	-0.00445137059799044	0.0925003861716851	0.0675860094547508	0.00338747641160866	0.000848911222383161	0.00142017611116885
BA.4/5	2022-12-18	1169667.76947679	0.953369480281985	0.495153215724284	0.0728401130012112	-0.00458208955223882	0.0960741862953456	0.0734498211063476	0.0141993716047077	-0.000130718954248374	0.00357380012366045
BA.4/5	2022-12-25	1038182.9897723	0.964353148520923	0.508802087946912	0.0878830307468865	-0.00340502456660796	0.100267778355366	0.0762041669513713	0.0150429177456755	0.00117706498563085	0.00419359206002044
BA.4/5	2023-01-01	782945.822292994	0.972636483198768	0.53687282212764	0.0794245269001193	-0.00350137319456446	0.110438875527591	0.0952405483836902	-0.00845850384676747	-9.63486279564929E-05	0.0101710971722248
BA.4/5	2023-01-08	695757.225550161	0.979997388372107	0.531334464842094	0.0933762432252395	-0.00315812048007386	0.105978077482796	0.0970147872781434	0.0139517163251205	0.000343252714490591	-0.00446079804479483
BA.4/5	2023-01-15	548113.814551126	0.985796270029308	0.560278443552526	0.090579919205434	-0.00219018080157049	0.111232037796973	0.101597093045773	-0.00279632401980564	0.000967939678503373	0.00525396031417697
BA.4/5	2023-01-22	398941.561108718	0.99001695347058	0.562849162011745	0.104613797905033	-0.00234172674044742	0.112997615065343	0.0996449131294772	0.0140338786995989	-0.000151545938876933	0.00176557726837043
BA.4/5	2023-01-29	245434.079984507	0.992613573272326	0.582619074572744	0.0951300122016095	-0.00125531453085301	0.117440958969851	0.129936636921073	-0.00948378570342349	0.00108641220959442	0.00444334390450781
BA.4/5	2023-02-05	175977.395700254	0.994475361946352	0.600734433129414	0.112899334821588	-0.00328079830403222	0.123392231418289	0.147446019036342	0.0177693226199783	-0.00202548377317921	0.00595127244843746
BA.4/5	2023-02-12	125486.593487011	0.995802972902103	0.628252748617834	0.121779041559484	-0.000328633331040662	0.132125247927716	0.156591331749941	0.00887970673789586	0.00295216497299156	0.00873301650942751
BA.4/5	2023-02-19	94472.3589247658	0.996802462451057	0.623572992838778	0.133270859545468	-0.00107913097235714	0.135301353945983	0.139842834929037	0.0114918179859844	-0.000750497641316481	0.00317610601826681
BA.4/5	2023-02-26	72911.6498260921	0.997573846089908	0.646893680651967	0.127759432370522	-0.00103212952026437	0.131607590387797	0.173036524595337	-0.00551142717494641	4.70014520927698E-05	-0.00369376355818579
BA.4/5	2023-03-05	48349.8616363636	0.998085373291609	0.627710165322801	0.135927244413671	-0.000947496195995983	0.132399714293019	0.192348226800546	0.00816781204314882	8.46333242683902E-05	0.000792123905222198
BA.4/5	2023-03-12	35767.7929529979	0.99846378593688	0.66067473223154	0.160976019900498	-0.00422877724939969	0.1380638528788	0.224813025977632	0.0250487754868273	-0.00328128105340371	0.00566413858578062
BQ.1	2022-09-11	16122.5036888179	0.00249762665210808	0	0	0	0	0.007183442	0	0	0
BQ.1	2022-09-18	28863.67883937	0.00402650966072457	0.130118174057489	0.070901543622151	-0.001751774536524	0.00330854671899425	0.130118174057489	0.070901543622151	-0.001751774536524	0.00330854671899425
BQ.1	2022-09-25	57678.4544804641	0.00708168531969702	0.140804625168239	0.0915341235497743	-0.00504189312525181	0.0145839698948025	0.113921291818361	0.0206325799276233	-0.0032901185887278	0.0112754231758083
BQ.1	2022-10-02	108283.350782428	0.0128173566472722	0.160272827701668	0.114323433912941	-0.00423319570602807	0.0261122657475804	0.0907058816484112	0.0227893103631665	0.000808697419223736	0.0115282958527779
BQ.1	2022-10-09	179888.111700433	0.0223458675124832	0.161632993868692	0.120104438754351	-0.00577325366884704	0.0279417420746011	0.0659770064582133	0.00578100484141027	-0.00154005796281898	0.00182947632702065
BQ.1	2022-10-16	262989.245990302	0.0362761704333638	0.170590616004006	0.0887794945730866	-0.00346511079948163	0.0251272985888371	0.0704402153032469	-0.0313249441812647	0.00230814286936542	-0.00281444348576395
BQ.1	2022-10-23	335915.070569971	0.0540692884413193	0.19162326072818	0.12381791970248	-0.00578256094752815	0.0332488422044081	0.0762470834742646	0.0350384251293939	-0.00231745014804652	0.00812154361557099
BQ.1	2022-10-30	405476.715568078	0.0755470239812559	0.202722181786918	0.0987818463404769	-0.00610354900863943	0.0300058165992031	0.0684372921651358	-0.0250360733620035	-0.000320988061111283	-0.00324302560520497
BQ.1	2022-11-06	524693.739253455	0.103339577630996	0.200821610563223	0.0906257734934178	-0.00340768578594537	0.0313563051160501	0.0541389071681466	-0.00815607284705907	0.00269586322269406	0.001350488516847
BQ.1	2022-11-13	686683.825716914	0.139712599908335	0.221055518265412	0.0903592764575458	-0.00697845184247814	0.0381617458296371	0.0680265229882295	-0.000266497035872108	-0.00357076605653277	0.00680544071358695
BQ.1	2022-11-20	890138.519317053	0.186862433617079	0.232399304561582	0.0964000075840791	-0.00511040482435868	0.0366396317984626	0.0513888511790868	0.00604073112653336	0.00186804701811946	-0.00152211403117442
BQ.1	2022-11-27	1124422.80968425	0.246422094663549	0.242843782783305	0.0894002388595372	-0.00544792233089459	0.0414102976654227	0.0655061048030032	-0.00699976872454168	-0.000337517506535907	0.00477066586696001
BQ.1	2022-12-04	1459751.73215194	0.3237438259822	0.256462313559547	0.102406495328757	-0.00742910344412331	0.0433397182286073	0.0541206599161062	0.0130062564692198	-0.00198118111322872	0.0019294205631846
BQ.1	2022-12-11	1725230.83046441	0.415127745451279	0.267546249099771	0.0981721546439724	-0.00566367179927789	0.0468254683366525	0.0544236596694784	-0.00423434068478487	0.00176543164484542	0.00348575010804526
BQ.1	2022-12-18	1910797.46639348	0.516340962087118	0.288051334094497	0.111091384643077	-0.00595365340367024	0.0522069392128578	0.0590519916744562	0.0129192299991051	-0.000289981604392347	0.00538147087620525
BQ.1	2022-12-25	1904570.61134736	0.617224347833066	0.298878668814797	0.130904785488347	-0.00652317498744704	0.0552884746471874	0.0593787907592273	0.0198134008452697	-0.000569521583776808	0.00308153543432962
BQ.1	2023-01-01	1782636.01082803	0.711648967877873	0.3055869657259	0.0922178752923713	-0.00752366266442834	0.0554176782284779	0.0579573155899514	-0.0386869101959759	-0.00100048767698129	0.00012920358129049
BQ.1	2023-01-08	1423971.16703449	0.787075434966652	0.318045165550133	0.110369945758568	-0.00838913504436257	0.0603076589417547	0.0731653412032234	0.0181520704661968	-0.000865472379934236	0.00488998071327683
BQ.1	2023-01-15	1097497.54170057	0.845208888877442	0.333937359189852	0.111742220475341	-0.00722349388137298	0.0629846084983415	0.068793259786435	0.00137227471677356	0.0011656411629896	0.00267694955658686
BQ.1	2023-01-22	779880.997351078	0.886518481193394	0.355046477771965	0.134037389631984	-0.00668811807168006	0.0652186930562016	0.0750284594786175	0.0222951691566432	0.000535375809692915	0.00223408455786009
BQ.1	2023-01-29	529289.406023046	0.914554463162733	0.374011166448417	0.143783589990516	-0.00905330866196014	0.0680576652482147	0.0924560902690349	0.00974620035853054	-0.00236519059028008	0.00283897219201314
BQ.1	2023-02-05	387238.637955904	0.935066144197758	0.405846864538422	0.153223840208036	-0.00985857700769299	0.0698110768019663	0.0925126698536064	0.00944025021752067	-0.000805268345732846	0.00175341155375152
BQ.1	2023-02-12	292262.324185876	0.950547015641529	0.41930939279797	0.172180816214937	-0.00800454513222514	0.0719206850322105	0.10328749692619	0.0189569760069005	0.00185403187546785	0.00210960823024415
BQ.1	2023-02-19	243056.696215906	0.963421509396915	0.444905968647304	0.169545354325422	-0.0112394908827924	0.0728960423762663	0.115522192466326	-0.00263546188951429	-0.00323494575056729	0.000975357344055822
BQ.1	2023-02-26	179568.979307905	0.972933116107422	0.45867713910744	0.177669150092024	-0.00972627309277635	0.0762412483822982	0.122404903910218	0.00812379576660194	0.00151321779001608	0.00334520600603196
BQ.1	2023-03-05	125665.333393939	0.979589495360647	0.481721255696253	0.168690925482184	-0.00912652819988943	0.0777535462195972	0.134256719733585	-0.00897822460984023	0.000599744892886917	0.00151229783729888
BQ.1	2023-03-12	95738.0830303431	0.98466065518186	0.510138921299954	0.189967465782867	-0.0105755140829958	0.0793332774548385	0.159479096671328	0.0212765403006835	-0.0014489858831064	0.00157973123524135
BQ.1	2023-03-19	68285.9712143716	0.988277701425255	0.514404298677511	0.141291400579493	-0.0146014283144625	0.0777611377871385	0.180128119930334	-0.0486760652033743	-0.0040259142314667	-0.00157213966770002
BQ.1	2023-03-26	50880.1123341595	0.990972775038605	0.529628601974038	0.178332929635523	-0.00901089605446014	0.0832115957855363	0.206655977351876	0.0370415290560298	0.00559053226000239	0.00545045799839787
BQ.1	2023-04-02	41904.9916557592	0.993192444612787	0.53280741010252	0.141500126722988	-0.0202990435836406	0.0801166685135965	0.237766667161229	-0.0368328029125349	-0.0112881475291805	-0.00309492727193989
XBB	2022-10-02	25280.8476112443	0.00239642645733986	0	0	0	0	0.007183442	0	0	0
XBB	2022-10-09	42457.5107773906	0.00460747416609303	0.216130506577244	0.0094251654791748	4.52273093778558E-05	-0.0020626334316752	0.216130506577244	0.0094251654791748	4.52273093778558E-05	-0.0020626334316752
XBB	2022-10-16	42361.8443574122	0.00681353988191197	0.177516497956941	-0.000964254402740136	-0.00878992436135301	-0.00203523815788493	0.120740643931896	-0.0103894198819149	-0.00883515167073087	2.73952737902704E-05
XBB	2022-10-23	43576.316611222	0.0090828513237512	0.172062705174509	-0.0253791481195969	-0.00667735807499599	-0.00463155106388684	0.161510645154097	-0.0244148937168568	0.00211256628635703	-0.00259631290600191
XBB	2022-10-30	37403.9075481588	0.0110307239749857	0.176321925539312	-0.04676619316573	0.00649942082457387	-0.00459110122420521	0.148760113374044	-0.0213870450461331	0.0131767788995699	4.04498396816294E-05
XBB	2022-11-06	52352.5481554032	0.0137570727299399	0.206589205827568	-0.0484608338892629	0.00813729506198076	-0.00380761741207036	0.14306020544604	-0.00169464072353288	0.00163787423740689	0.000783483812134848
XBB	2022-11-13	69188.7041271189	0.017360193189214	0.242806086708673	-0.0751153303982606	0.000279222809710502	-0.00536615508296378	0.145413287136541	-0.0266544965089977	-0.00785807225227025	-0.00155853767089342
XBB	2022-11-20	83190.5158240236	0.0216924820124356	0.259678577904778	-0.0481308826340326	0.0199887982387982	-0.00395692715042083	0.151758067759779	0.026984447764228	0.0197095754290876	0.00140922793254294
XBB	2022-11-27	114930.641712231	0.0276776923408443	0.292630774503275	-0.0767119574469703	0.0269215831236104	-0.00433342448686709	0.17165787709706	-0.0285810748129376	0.00693278488481223	-0.000376497336446252
XBB	2022-12-04	169163.937710315	0.0364871945945005	0.363763500702475	-0.0736557709860927	0.0677270212933132	-0.00383781743423891	0.190669805996665	0.00305618646087754	0.0408054381697027	0.000495607052628185
XBB	2022-12-11	227641.350454316	0.0483420084336463	0.412906893410756	-0.0759897493974113	0.0869678619253083	-0.00274455204835572	0.114801808500612	-0.00233397841131855	0.0192408406319951	0.00109326538588318
XBB	2022-12-18	252392.228449353	0.0614857667040256	0.431372983102643	-0.051243563872548	0.166241779169011	-0.00232994399004375	0.172069823730753	0.0247461855248634	0.0792739172437031	0.00041460805831198
XBB	2022-12-25	257933.66205523	0.0749181046356508	0.460727921703555	-0.0124223978081621	0.261854608078489	0.00167822298690641	0.217056510035177	0.0388211660643859	0.095612828909477	0.00400816697695016
XBB	2023-01-01	295740.035031847	0.0903192742961189	0.56933037702823	0.00887077599145427	0.402079211272867	0.00504315219893769	0.255479077716184	0.0212931737996166	0.140224603194379	0.00336492921203126
XBB	2023-01-08	339540.285200832	0.1080014171226	0.64249200746016	0.0453354825054795	0.512341087747742	0.00718185445413735	0.217074292054037	0.036464706514025	0.110261876474875	0.00213870225519967
XBB	2023-01-15	427472.117710876	0.130262760972363	0.700983530084073	0.0918881101142917	0.567144868385727	0.00927847409196876	0.14639732914131	0.0465526276088119	0.054803780637985	0.00209661963783143
XBB	2023-01-22	464889.043659342	0.154472655428889	0.783422249214431	0.165923957733743	0.636963906885097	0.0107764426033364	0.146143757015211	0.0740358476194515	0.0698190384993702	0.00149796851136759
XBB	2023-01-29	472112.433297828	0.179058720292421	0.812218628841101	0.201429554627554	0.671017344647643	0.0111980003431394	0.0963044697574815	0.0355055968938114	0.0340534377625465	0.000421557739803028
XBB	2023-02-05	480276.902397143	0.204069963890286	0.840738092697408	0.223563715274146	0.688271337677961	0.00961089650942061	0.0840344513791789	0.0221341606465917	0.0172539930303173	-0.00158710383371877
XBB	2023-02-12	530918.16350426	0.231718438034386	0.860876377858313	0.236913845029984	0.704267170037238	0.0112716837906449	0.0787490802959009	0.0133501297558374	0.0159958323592772	0.00166078728122425
XBB	2023-02-19	556660.207202851	0.260707473264057	0.865957535227964	0.237139859847724	0.705953459073564	0.0118309516818457	0.0649754514036334	0.000226014817740491	0.00168628903632487	0.000559267891200865
XBB	2023-02-26	598038.720116332	0.291851365537719	0.87787973052522	0.23906017308016	0.712789668668725	0.0118675985297198	0.0607142245640419	0.00192031323243616	0.00683620959516177	3.66468478740847E-05
XBB	2023-03-05	616031.513151515	0.323932263374969	0.896166420715618	0.231591414742275	0.712907819053193	0.0121557026882627	0.0684120262507926	-0.00746875833788555	0.00011815038446826	0.000288104158542873
XBB	2023-03-12	584865.472466451	0.354390136178817	0.899631857218151	0.22905132582711	0.71201843733579	0.0130225136993695	0.0743092336321019	-0.00254008891516466	-0.000889381717403089	0.000866811011106857
XBB	2023-03-19	567077.947662494	0.383921693114352	0.91891144059106	0.228456508213986	0.706807579700024	0.0125303167100374	0.0911003909130777	-0.000594817613124308	-0.00521085763576593	-0.000492196989332102
XBB	2023-03-26	558026.59787627	0.412981885482358	0.937359178668482	0.236388406015408	0.704167489293508	0.01196731999845	0.101907592827843	0.00793189780142212	-0.00264009040651591	-0.000562996711587441
XBB	2023-04-02	609676.545266143	0.444731837465155	0.977533638689187	0.222610605281511	0.690398280964318	0.0111499678073531	0.132767920576035	-0.013777800733897	-0.0137692083291899	-0.000817352191096963
XBB	2023-04-09	620995.336202774	0.47707123490314	1.00137533234968	0.214181144871218	0.685982655957903	0.0120715092646265	0.118352101305009	-0.00842946041029303	-0.00441562500641519	0.000921541457273471
XBB	2023-04-16	616434.210788382	0.50917310391065	1.01971499202841	0.232779463014911	0.696701602016788	0.0140533759366349	0.1172249149576	0.0185983181436936	0.0107189460588847	0.00198186667200834
XBB	2023-04-23	615703.779262899	0.541236934443429	1.03292820018096	0.2254576683315	0.685619572411422	0.0140852673891526	0.102618423061776	-0.00732179468341139	-0.0110820296053666	3.1891452517715E-05
XBB	2023-04-30	599682.189079215	0.572466413182671	1.06718721629417	0.234490095331287	0.687817125320722	0.01577873096747	0.116127703331482	0.0090324269997873	0.00219755290930085	0.00169346357831744
XBB	2023-05-07	558005.868327809	0.60152552602388	1.10166836830902	0.233420504033476	0.68512189629012	0.0155065626051345	0.116770857485043	-0.00106959129781139	-0.00269522903060176	-0.000272168362335515
XBB	2023-05-14	472213.039254824	0.62611683011521	1.12132432088477	0.22819633015898	0.68396138751284	0.0149481873028657	0.118288881928561	-0.0052241738744957	-0.00116050877728048	-0.000558375302268809
XBB	2023-05-21	393873.44084264	0.646628465229193	1.15090294904255	0.235338989852545	0.679642697335175	0.0146894168842244	0.139612523259158	0.00714265969356416	-0.00431869017766454	-0.000258770418641388
XBB	2023-05-28	310281.380792541	0.662786900415541	1.19615113761101	0.239642433689303	0.670045938611525	0.014251386643524	0.133000502616522	0.00430344383675937	-0.00959675872365095	-0.000438030240700232
XBB	2023-06-04	274271.893265183	0.677070079765337	1.22047409904012	0.238783342990343	0.673558108558108	0.0151885788869463	0.118663838055745	-0.000859090698960811	0.00351216994658395	0.000937192243422288
XBB	2023-06-11	211279.895906845	0.688072842791171	1.25888941192157	0.238930510433813	0.662128342650466	0.0156175687034057	0.133239914444297	0.000147167443471025	-0.0114297659076421	0.000428989816459386
XBB	2023-06-18	192206.797079745	0.698082341476061	1.27723155452824	0.242207775188063	0.677690516610338	0.016122139722211	0.147887309555115	0.00327726475424959	0.0155621739598719	0.000504571018805314
XBB	2023-06-25	162960.52459879	0.706568790350102	1.31547739117053	0.246377683772327	0.677153795971862	0.017541305335412	0.126768158114609	0.00416990858426383	-0.000536720638475722	0.00141916561320098
XBB	2023-07-02	177764.475524476	0.715826180364483	1.35157221344093	0.25206440261089	0.68736066203808	0.0185545235518192	0.13256568210988	0.00568671883856223	0.0102068660662186	0.00101321821640716
XBB	2023-07-09	176481.045919478	0.725016733580486	1.36885657553645	0.243608697099855	0.693961165737815	0.019549783670743	0.139589389026846	-0.00845570551103522	0.00660050369973427	0.000995260118923791
XBB	2023-07-16	200800.552851962	0.735473766839631	1.39074787164374	0.247661687195956	0.698691851626634	0.0202607471792909	0.133548577791453	0.00405299009610187	0.00473068588881868	0.000710963508547875
XBB	2023-07-23	247056.893258427	0.748339678377281	1.42287192752639	0.245126590979598	0.709676924205055	0.0218808679470569	0.133189374408778	-0.00253509621635712	0.0109850725784205	0.00162012076776599
XBB	2023-07-30	410805.444642375	0.769733076635653	1.45230520130211	0.247183331431172	0.720797988646757	0.0242779926743351	0.131289033058813	0.00205674045157227	0.0111210644417028	0.00239712472727819
XBB	2023-08-06	372368.155616943	0.789124787129616	1.48084973273624	0.25493812616353	0.719558339314349	0.0250224244230081	0.137267497191646	0.00775479473235839	-0.00123964933240853	0.000744431748673107
XBB	2023-08-13	364260.669658503	0.808094286384062	1.50567067657969	0.257964660954348	0.72664376537384	0.0256436696193002	0.117959030537575	0.00302653479081871	0.00708542605949084	0.000621245196292066
XBB	2023-08-20	255687.261899234	0.821409639173909	1.50982822607228	0.255745187428363	0.74323119884675	0.0268446102583286	0.127214416308483	-0.00221947352598614	0.0165874334729099	0.00120094063902834
XBB	2023-08-27	323282.425220777	0.838245126051891	1.53882082215091	0.262428009540165	0.746093560663305	0.0306645754075015	0.117584226011389	0.00668282211180269	0.00286236181655576	0.00381996514917288
XBB	2023-09-03	308790.954370976	0.854325944725539	1.56024329518255	0.261293628664585	0.747471485120473	0.0318401139048393	0.108841664208651	-0.00113438087558001	0.00137792445716716	0.00117553849733779
XBB	2023-09-10	233880.987973096	0.86650569839245	1.58648814245843	0.271769367855556	0.740216652043762	0.0356752200290536	0.112656738688469	0.0104757391909711	-0.00725483307671039	0.00383510612421441
XBB	2023-09-17	166854.044444444	0.875194908991709	1.58700085963342	0.281676407159063	0.72984117470404	0.0405449565015257	0.128340927406585	0.00990703930350622	-0.0103754773397218	0.00486973647247204
XBB	2023-09-24	138953.109038419	0.882431130516197	1.5981340858496	0.2866849843851	0.716608065650362	0.0441448008103191	0.115819710031355	0.00500857722603888	-0.0132331090536787	0.00359984430879343
XBB	2023-10-01	149573.869214915	0.89022044634658	1.63446099575095	0.288617239233927	0.690557286283115	0.0495403390804461	0.11949397757207	0.00193225484882568	-0.0260507793672456	0.005395538270127
XBB	2023-10-08	150366.214623405	0.898051024923363	1.6383777148348	0.293218567861948	0.677265174538134	0.0555139556120808	0.154785257124924	0.00460132862802125	-0.0132921117449815	0.00597361653163477
XBB	2023-10-15	143161.371506476	0.905506398935066	1.65685129788244	0.306426364707574	0.637904605162706	0.0608552954058004	0.147368649670532	0.0132077968456264	-0.0393605693754274	0.00534133979371946
XBB	2023-10-22	135020.419416601	0.912537818901046	1.66533145667388	0.313990575421925	0.610699536835571	0.0662077495116323	0.161314955031798	0.00756421071435021	-0.0272050683271353	0.005352454105832
XBB	2023-10-29	135094.394961526	0.919573091270432	1.69419732183836	0.316372591721859	0.605036322317325	0.0692129189316075	0.120586625293523	0.00238201629993408	-0.0056632145182463	0.00300516941997514
XBB	2023-11-05	141018.814029011	0.926916887925981	1.71541028537751	0.32608354007237	0.594911445714105	0.0788739063976382	0.201800533948286	0.00971094835051217	-0.0101248766032195	0.00966098746603076
XBB	2023-11-12	159260.632780886	0.935210658586514	1.73627859394864	0.327757243847295	0.583907087673607	0.0815688606893243	0.122465583262044	0.00167370377492331	-0.0110043580404984	0.00269495429168618
XBB	2023-11-19	174203.192240245	0.944282588664557	1.74725158994278	0.332616809789029	0.552798451386296	0.0851503805706107	0.168167912206794	0.00485956594173484	-0.0311086362873105	0.00358151988128623
XBB	2023-11-26	189494.46834639	0.954150838177711	1.76970323277095	0.336440330385301	0.55620389414507	0.0904077715595777	0.131917136809437	0.00382352059627178	0.00340544275877346	0.00525739098896704
XBB	2023-12-03	192448.287607687	0.964172912896115	1.78443488091664	0.326147829745523	0.550187393251909	0.0948562486941768	0.128691570212192	-0.0102925006397778	-0.00601650089316148	0.00444847713459917
XBB	2023-12-10	187321.905977639	0.973928022496928	1.81061913504524	0.329391274104386	0.519103371281659	0.0992120549755818	0.138615588326151	0.00324344435886234	-0.0310840219702506	0.004355806281405
XBB	2023-12-17	163544.104065041	0.982444862272793	1.82176646235292	0.326342278689029	0.505624535039427	0.100541448117005	0.154441592372042	-0.00304899541535632	-0.0134788362422305	0.00132939314142272
XBB	2023-12-24	124917.42520974	0.988950151483964	1.82405611594247	0.339494962323722	0.52442047050796	0.104081882879977	0.184490371811516	0.0131526836346921	0.0187959354685325	0.00354043476297266
XBB	2023-12-31	79895.8675607712	0.993110865846972	1.83447237375435	0.345938514424791	0.496681064034005	0.105820085388592	0.186932428217209	0.00644355210106946	-0.0277394064739552	0.00173820250861461
XBB	2024-01-07	50685.1862068965	0.995750383868132	1.86944416272455	0.336472128634523	0.472115691326218	0.10827032434965	0.191653010640149	-0.0094663857902676	-0.0245653727077869	0.00245023896105857
XBB	2024-01-14	31155.8584246467	0.997372878642854	1.8615945798603	0.356940734605448	0.460622460817437	0.105849416016283	0.210024937042838	0.0204686059709242	-0.011493230508781	-0.00242090833336723
XBB	2024-01-21	19178.0585932226	0.998371608943677	1.87632101087642	0.35782260862613	0.392708084598328	0.101994294437362	0.257532967308442	0.000881874020682499	-0.0679143762191094	-0.00385512157892166
XBB	2024-01-28	10882.5930482928	0.99893833864554	1.86620078935746	0.349597934032633	0.391679629313775	0.104996015162158	0.312052601169105	-0.008224674593496	-0.00102845528455249	0.00300172072479668
